3826.2	0.000	0.000
3827.62	0.000	0.000
3829.03	0.000	0.000
3830.45	0.000	0.000
3831.86	0.000	0.000
3833.28	0.000	0.000
3834.69	0.000	0.000
3836.11	0.000	0.000
3837.52	0.000	0.000
3838.94	0.000	0.000
3840.35	0.000	0.000
3841.77	0.000	0.000
3843.18	0.000	0.000
3844.6	0.000	0.000
3846.01	0.000	0.000
3847.43	0.000	0.000
3848.84	0.000	0.000
3850.26	0.000	0.000
3851.67	0.000	0.000
3853.09	0.000	0.000
3854.5	0.000	0.000
3855.92	0.000	0.000
3857.33	0.000	0.000
3858.75	0.000	0.000
3860.16	0.000	0.000
3861.58	0.000	0.000
3862.99	0.000	0.000
3864.41	0.000	0.000
3865.83	0.000	0.000
3867.24	0.000	0.000
3868.66	0.000	0.000
3870.07	0.000	0.000
3871.49	0.000	0.000
3872.9	0.000	0.000
3874.32	0.000	0.000
3875.73	0.000	0.000
3877.15	0.000	0.000
3878.56	0.000	0.000
3879.98	0.000	0.000
3881.39	0.000	0.000
3882.81	0.000	0.000
3884.22	0.000	0.000
3885.64	0.000	0.000
3887.05	0.000	0.000
3888.47	0.000	0.000
3889.88	0.000	0.000
3891.3	0.000	0.000
3892.72	0.000	0.000
3894.13	0.000	0.000
3895.55	0.000	0.000
3896.96	0.000	0.000
3898.38	0.000	0.000
3899.79	0.000	0.000
3901.21	0.000	0.000
3902.62	0.000	0.000
3904.04	0.000	0.000
3905.45	0.000	0.000
3906.87	0.000	0.000
3908.28	0.000	0.000
3909.7	0.000	0.000
3911.11	0.000	0.000
3912.53	0.000	0.000
3913.94	0.000	0.000
3915.36	0.000	0.000
3916.77	0.000	0.000
3918.19	0.000	0.000
3919.6	0.000	0.000
3921.02	0.000	0.000
3922.43	0.000	0.000
3923.85	0.000	0.000
3925.26	0.000	0.000
3926.68	0.000	0.000
3928.1	0.000	0.000
3929.51	0.000	0.000
3930.93	0.000	0.000
3932.34	0.000	0.000
3933.76	0.000	0.000
3935.17	0.000	0.000
3936.59	0.000	0.000
3938	0.000	0.000
3939.42	0.000	0.000
3940.83	0.000	0.000
3942.25	0.000	0.000
3943.66	0.000	0.000
3945.08	0.000	0.000
3946.49	0.000	0.000
3947.91	0.000	0.000
3949.32	0.000	0.000
3950.74	0.000	0.000
3952.15	0.000	0.000
3953.57	0.000	0.000
3954.98	0.000	0.000
3956.4	0.000	0.000
3957.81	0.000	0.000
3959.23	0.000	0.000
3960.64	0.000	0.000
3962.06	0.000	0.000
3963.47	0.000	0.000
3964.89	0.000	0.000
3966.31	0.000	0.000
3967.72	0.000	0.000
3969.14	0.000	0.000
3970.55	0.000	0.000
3971.97	0.000	0.000
3973.38	0.000	0.000
3974.8	0.000	0.000
3976.21	0.000	0.000
3977.63	0.000	0.000
3979.04	0.000	0.000
3980.46	0.000	0.000
3981.87	0.000	0.000
3983.29	0.000	0.000
3984.7	0.000	0.000
3986.12	0.000	0.000
3987.53	0.000	0.000
3988.95	0.000	0.000
3990.36	0.000	0.000
3991.78	0.000	0.000
3993.19	0.000	0.000
3994.61	0.000	0.000
3996.03	0.000	0.000
3997.44	0.000	0.000
3998.86	0.000	0.000
4000.27	0.000	0.000
4001.69	0.000	0.000
4003.1	0.000	0.000
4004.52	0.000	0.000
4005.93	0.000	0.000
4007.35	0.000	0.000
4008.76	0.000	0.000
4010.18	0.000	0.000
4011.59	0.000	0.000
4013.01	0.000	0.000
4014.42	0.000	0.000
4015.84	0.000	0.000
4017.25	0.000	0.000
4018.67	0.000	0.000
4020.08	0.000	0.000
4021.5	0.000	0.000
4022.91	0.000	0.000
4024.33	0.000	0.000
4025.74	0.000	0.000
4027.16	0.000	0.000
4028.58	0.000	0.000
4029.99	0.000	0.000
4031.41	0.000	0.000
4032.82	0.000	0.000
4034.24	0.000	0.000
4035.65	0.000	0.000
4037.07	0.000	0.000
4038.48	0.000	0.000
4039.9	0.000	0.000
4041.31	0.000	0.000
4042.73	0.000	0.000
4044.14	0.000	0.000
4045.56	0.000	0.000
4046.97	0.000	0.000
4048.39	0.000	0.000
4049.8	0.000	0.000
4051.22	0.000	0.000
4052.63	0.000	0.000
4054.05	0.000	0.000
4055.46	0.000	0.000
4056.88	0.000	0.000
4058.29	0.000	0.000
4059.71	0.000	0.000
4061.12	0.000	0.000
4062.54	0.000	0.000
4063.95	0.000	0.000
4065.37	0.000	0.000
4066.79	0.000	0.000
4068.2	0.000	0.000
4069.62	0.000	0.000
4071.03	0.000	0.000
4072.45	0.000	0.000
4073.86	0.000	0.000
4075.28	0.000	0.000
4076.69	0.000	0.000
4078.11	0.000	0.000
4079.52	0.000	0.000
4080.94	0.000	0.000
4082.35	0.000	0.000
4083.77	0.000	0.000
4085.18	0.000	0.000
4086.6	0.000	0.000
4088.01	0.000	0.000
4089.43	0.000	0.000
4090.84	0.000	0.000
4092.26	0.000	0.000
4093.67	0.000	0.000
4095.09	0.000	0.000
4096.51	0.000	0.000
4097.92	0.000	0.000
4099.34	0.000	0.000
4100.75	0.000	0.000
4102.16	0.000	0.000
4103.58	0.000	0.000
4105	0.000	0.000
4106.41	0.000	0.000
4107.83	0.000	0.000
4109.24	0.000	0.000
4110.66	0.000	0.000
4112.07	0.000	0.000
4113.49	0.000	0.000
4114.9	0.000	0.000
4116.32	0.000	0.000
4117.73	0.000	0.000
4119.15	0.000	0.000
4120.56	0.000	0.000
4121.98	0.000	0.000
4123.39	0.000	0.000
4124.81	0.000	0.000
4126.22	0.000	0.000
4127.64	0.000	0.000
4129.05	0.000	0.000
4130.47	0.000	0.000
4131.89	0.000	0.000
4133.3	0.000	0.000
4134.72	0.000	0.000
4136.13	0.000	0.000
4137.55	0.000	0.000
4138.96	0.000	0.000
4140.38	0.000	0.000
4141.79	0.000	0.000
4143.21	0.000	0.000
4144.62	0.000	0.000
4146.04	0.000	0.000
4147.45	0.000	0.000
4148.87	0.000	0.000
4150.28	0.000	0.000
4151.7	0.000	0.000
4153.11	0.000	0.000
4154.53	0.000	0.000
4155.94	0.000	0.000
4157.36	0.000	0.000
4158.77	0.000	0.000
4160.19	0.000	0.000
4161.6	0.000	0.000
4163.02	0.000	0.000
4164.44	0.000	0.000
4165.85	0.000	0.000
4167.27	0.000	0.000
4168.68	0.000	0.000
4170.1	0.000	0.000
4171.51	0.000	0.000
4172.93	0.000	0.000
4174.34	0.000	0.000
4175.76	0.000	0.000
4177.17	0.000	0.000
4178.59	0.000	0.000
4180	0.000	0.000
4181.42	0.000	0.000
4182.83	0.000	0.000
4184.25	0.000	0.000
4185.66	0.000	0.000
4187.08	0.000	0.000
4188.49	0.000	0.000
4189.91	0.000	0.000
4191.32	0.000	0.000
4192.74	0.000	0.000
4194.15	0.000	0.000
4195.57	0.000	0.000
4196.98	0.000	0.000
4198.4	0.000	0.000
4199.82	0.000	0.000
4201.23	0.000	0.000
4202.65	0.000	0.000
4204.06	0.000	0.000
4205.48	0.000	0.000
4206.89	0.000	0.000
4208.31	0.000	0.000
4209.72	0.000	0.000
4211.14	0.000	0.000
4212.55	0.000	0.000
4213.97	0.000	0.000
4215.38	0.000	0.000
4216.8	0.000	0.000
4218.21	0.000	0.000
4219.63	0.000	0.000
4221.04	0.000	0.000
4222.46	0.000	0.000
4223.87	0.000	0.000
4225.29	0.000	0.000
4226.7	0.000	0.000
4228.12	0.000	0.000
4229.53	0.000	0.000
4230.95	0.000	0.000
4232.36	0.000	0.000
4233.78	0.000	0.000
4235.19	0.000	0.000
4236.61	0.000	0.000
4238.02	0.000	0.000
4239.44	0.000	0.000
4240.86	0.000	0.000
4242.27	0.000	0.000
4243.69	0.000	0.000
4245.1	0.000	0.000
4246.52	0.000	0.000
4247.93	0.000	0.000
4249.35	0.000	0.000
4250.76	0.000	0.000
4252.18	0.000	0.000
4253.59	0.000	0.000
4255.01	0.000	0.000
4256.42	0.000	0.000
4257.84	0.000	0.000
4259.25	0.000	0.000
4260.67	0.000	0.000
4262.08	0.000	0.000
4263.5	0.000	0.000
4264.91	0.000	0.000
4266.33	0.000	0.000
4267.74	0.000	0.000
4269.16	0.000	0.000
4270.57	0.000	0.000
4271.99	0.000	0.000
4273.41	0.000	0.000
4274.82	0.000	0.000
4276.24	0.000	0.000
4277.65	0.000	0.000
4279.07	0.000	0.000
4280.48	0.000	0.000
4281.9	0.000	0.000
4283.31	0.000	0.000
4284.73	0.000	0.000
4286.14	0.000	0.000
4287.56	0.000	0.000
4288.97	0.000	0.000
4290.39	0.000	0.000
4291.8	0.000	0.000
4293.22	0.000	0.000
4294.63	0.000	0.000
4296.05	0.000	0.000
4297.46	0.000	0.000
4298.88	0.000	0.000
4300.3	0.000	0.000
4301.71	0.000	0.000
4303.12	0.000	0.000
4304.54	0.000	0.000
4305.95	0.000	0.000
4307.37	0.000	0.000
4308.79	0.000	0.000
4310.2	0.000	0.000
4311.62	0.000	0.000
4313.03	0.000	0.000
4314.45	0.000	0.000
4315.86	0.000	0.000
4317.28	0.000	0.000
4318.69	0.000	0.000
4320.11	0.000	0.000
4321.52	0.000	0.000
4322.94	0.000	0.000
4324.35	0.000	0.000
4325.77	0.000	0.000
4327.18	0.000	0.000
4328.6	0.000	0.000
4330.01	0.000	0.000
4331.43	0.000	0.000
4332.84	0.000	0.000
4334.26	0.000	0.000
4335.68	0.000	0.000
4337.09	0.000	0.000
4338.51	0.000	0.000
4339.92	0.000	0.000
4341.34	0.000	0.000
4342.75	0.000	0.000
4344.17	0.000	0.000
4345.58	0.000	0.000
4347	0.000	0.000
4348.41	0.000	0.000
4349.83	0.000	0.000
4351.24	0.000	0.000
4352.66	0.000	0.000
4354.07	0.000	0.000
4355.49	0.000	0.000
4356.9	0.000	0.000
4358.32	0.000	0.000
4359.73	0.000	0.000
4361.15	0.000	0.000
4362.56	0.000	0.000
4363.98	0.000	0.000
4365.39	0.000	0.000
4366.81	0.000	0.000
4368.23	0.000	0.000
4369.64	0.000	0.000
4371.06	0.000	0.000
4372.47	0.000	0.000
4373.89	0.000	0.000
4375.3	0.000	0.000
4376.72	0.000	0.000
4378.13	0.000	0.000
4379.55	0.000	0.000
4380.96	0.000	0.000
4382.38	0.000	0.000
4383.79	0.000	0.000
4385.21	0.000	0.000
4386.62	0.000	0.000
4388.04	0.000	0.000
4389.45	0.000	0.000
4390.87	0.000	0.000
4392.28	0.000	0.000
4393.7	0.000	0.000
4395.11	0.000	0.000
4396.53	0.000	0.000
4397.94	0.000	0.000
4399.36	0.000	0.000
4400.77	0.000	0.000
4402.19	0.000	0.000
4403.61	0.000	0.000
4405.02	0.000	0.000
4406.44	0.000	0.000
4407.85	0.000	0.000
4409.27	0.000	0.000
4410.68	0.000	0.000
4412.1	0.000	0.000
4413.51	0.000	0.000
4414.93	0.000	0.000
4416.34	0.000	0.000
4417.76	0.000	0.000
4419.17	0.000	0.000
4420.59	0.000	0.000
4422	0.000	0.000
4423.42	0.000	0.000
4424.83	0.000	0.000
4426.25	0.000	0.000
4427.66	0.000	0.000
4429.08	0.000	0.000
4430.49	0.000	0.000
4431.91	0.000	0.000
4433.32	0.000	0.000
4434.74	0.000	0.000
4436.15	0.000	0.000
4437.57	0.000	0.000
4438.98	0.000	0.000
4440.4	0.000	0.000
4441.82	0.000	0.000
4443.23	0.000	0.000
4444.65	0.000	0.000
4446.06	0.000	0.000
4447.48	0.000	0.000
4448.89	0.000	0.000
4450.31	0.000	0.000
4451.72	0.000	0.000
4453.14	0.000	0.000
4454.55	0.000	0.000
4455.97	0.000	0.000
4457.38	0.000	0.000
4458.8	0.000	0.000
4460.21	0.000	0.000
4461.63	0.000	0.000
4463.04	0.000	0.000
4464.46	0.000	0.000
4465.87	0.000	0.000
4467.29	0.000	0.000
4468.7	0.000	0.000
4470.12	0.000	0.000
4471.53	0.000	0.000
4472.95	0.000	0.000
4474.36	0.000	0.000
4475.78	0.000	0.000
4477.2	0.000	0.000
4478.61	0.000	0.000
4480.03	0.000	0.000
4481.44	0.000	0.000
4482.86	0.000	0.000
4484.27	0.000	0.000
4485.69	0.000	0.000
4487.1	0.000	0.000
4488.52	0.000	0.000
4489.93	0.000	0.000
4491.35	0.000	0.000
4492.76	0.000	0.000
4494.18	0.000	0.000
4495.59	0.000	0.000
4497.01	0.000	0.000
4498.42	0.000	0.000
4499.84	0.000	0.000
4501.25	0.000	0.000
4502.67	0.000	0.000
4504.09	0.000	0.000
4505.5	0.000	0.000
4506.91	0.000	0.000
4508.33	0.000	0.000
4509.74	0.000	0.000
4511.16	0.000	0.000
4512.58	0.000	0.000
4513.99	0.000	0.000
4515.41	0.000	0.000
4516.82	0.000	0.000
4518.24	0.000	0.000
4519.65	0.000	0.000
4521.07	0.000	0.000
4522.48	0.000	0.000
4523.9	0.000	0.000
4525.31	0.000	0.000
4526.73	0.000	0.000
4528.14	0.000	0.000
4529.56	0.000	0.000
4530.97	0.000	0.000
4532.39	0.000	0.000
4533.8	0.000	0.000
4535.22	0.000	0.000
4536.63	0.000	0.000
4538.05	0.000	0.000
4539.47	0.000	0.000
4540.88	0.000	0.000
4542.3	0.000	0.000
4543.71	0.000	0.000
4545.13	0.000	0.000
4546.54	0.000	0.000
4547.96	0.000	0.000
4549.37	0.000	0.000
4550.79	0.000	0.000
4552.2	0.000	0.000
4553.62	0.000	0.000
4555.03	0.000	0.000
4556.45	0.000	0.000
4557.86	0.000	0.000
4559.28	0.000	0.000
4560.69	0.000	0.000
4562.11	0.000	0.000
4563.52	0.000	0.000
4564.94	0.000	0.000
4566.35	0.000	0.000
4567.77	0.000	0.000
4569.18	0.000	0.000
4570.6	0.000	0.000
4572.02	0.000	0.000
4573.43	0.000	0.000
4574.85	0.000	0.000
4576.26	0.000	0.000
4577.68	0.000	0.000
4579.09	0.000	0.000
4580.51	0.000	0.000
4581.92	0.000	0.000
4583.34	0.000	0.000
4584.75	0.000	0.000
4586.17	0.000	0.000
4587.58	0.000	0.000
4589	0.000	0.000
4590.41	0.000	0.000
4591.83	0.000	0.000
4593.24	0.000	0.000
4594.66	0.000	0.000
4596.07	0.000	0.000
4597.49	0.000	0.000
4598.9	0.000	0.000
4600.32	0.000	0.000
4601.73	0.000	0.000
4603.15	0.000	0.000
4604.56	0.000	0.000
4605.98	0.000	0.000
4607.4	0.000	0.000
4608.81	0.000	0.000
4610.23	0.000	0.000
4611.64	0.000	0.000
4613.06	0.000	0.000
4614.47	0.000	0.000
4615.89	0.000	0.000
4617.3	0.000	0.000
4618.72	0.000	0.000
4620.13	0.000	0.000
4621.55	0.000	0.000
4622.96	0.000	0.000
4624.38	0.000	0.000
4625.79	0.000	0.000
4627.21	0.000	0.000
4628.62	0.000	0.000
4630.04	0.000	0.000
4631.45	0.000	0.000
4632.87	0.000	0.000
4634.28	0.000	0.000
4635.7	0.000	0.000
4637.11	0.000	0.000
4638.53	0.000	0.000
4639.94	0.000	0.000
4641.36	0.000	0.000
4642.78	0.000	0.000
4644.19	0.000	0.000
4645.61	0.000	0.000
4647.02	0.000	0.000
4648.44	0.000	0.000
4649.85	0.000	0.000
4651.27	0.000	0.000
4652.68	0.000	0.000
4654.1	0.000	0.000
4655.51	0.000	0.000
4656.93	0.000	0.000
4658.34	0.000	0.000
4659.76	0.000	0.000
4661.17	0.000	0.000
4662.59	0.000	0.000
4664	0.000	0.000
4665.42	0.000	0.000
4666.83	0.000	0.000
4668.25	0.000	0.000
4669.66	0.000	0.000
4671.08	0.000	0.000
4672.49	0.000	0.000
4673.91	0.001	0.000
4675.32	0.001	0.000
4676.74	0.001	0.000
4678.15	0.001	0.000
4679.57	0.001	0.000
4680.99	0.001	0.000
4682.4	0.001	0.000
4683.82	0.001	0.000
4685.23	0.001	0.000
4686.65	0.001	0.000
4688.06	0.001	0.000
4689.48	0.001	0.000
4690.89	0.001	0.000
4692.31	0.001	0.000
4693.72	0.001	0.000
4695.14	0.001	0.000
4696.55	0.001	0.000
4697.97	0.001	0.000
4699.38	0.001	0.000
4700.8	0.001	0.000
4702.21	0.001	0.000
4703.63	0.001	0.000
4705.04	0.001	0.000
4706.46	0.001	0.000
4707.88	0.001	0.000
4709.29	0.001	0.000
4710.7	0.001	0.000
4712.12	0.001	0.000
4713.53	0.001	0.000
4714.95	0.001	0.000
4716.37	0.001	0.000
4717.78	0.001	0.000
4719.2	0.001	0.000
4720.61	0.001	0.000
4722.03	0.001	0.000
4723.44	0.001	0.000
4724.86	0.001	0.000
4726.27	0.001	0.000
4727.69	0.001	0.000
4729.1	0.001	0.000
4730.52	0.001	0.000
4731.93	0.001	0.000
4733.35	0.001	0.000
4734.76	0.001	0.000
4736.18	0.002	0.000
4737.59	0.002	0.000
4739.01	0.002	0.000
4740.42	0.002	0.000
4741.84	0.002	0.000
4743.26	0.002	0.000
4744.67	0.002	0.000
4746.09	0.002	0.000
4747.5	0.002	0.000
4748.92	0.002	0.000
4750.33	0.002	0.000
4751.75	0.002	0.000
4753.16	0.002	0.000
4754.58	0.002	0.000
4755.99	0.002	0.000
4757.41	0.002	0.000
4758.82	0.002	0.000
4760.24	0.002	0.000
4761.65	0.002	0.000
4763.07	0.002	0.000
4764.48	0.002	0.000
4765.9	0.003	0.000
4767.31	0.003	0.000
4768.73	0.003	0.000
4770.14	0.003	0.000
4771.56	0.003	0.000
4772.97	0.003	0.000
4774.39	0.003	0.000
4775.81	0.003	0.000
4777.22	0.003	0.000
4778.64	0.003	0.000
4780.05	0.003	0.000
4781.47	0.003	0.000
4782.88	0.003	0.000
4784.3	0.003	0.000
4785.71	0.003	0.000
4787.13	0.004	0.000
4788.54	0.004	0.000
4789.96	0.004	0.000
4791.37	0.004	0.000
4792.79	0.004	0.000
4794.2	0.004	0.000
4795.62	0.004	0.000
4797.03	0.004	0.000
4798.45	0.004	0.000
4799.86	0.004	0.000
4801.28	0.004	0.000
4802.69	0.005	0.000
4804.11	0.005	0.000
4805.52	0.005	0.000
4806.94	0.005	0.000
4808.35	0.005	0.000
4809.77	0.005	0.000
4811.19	0.005	0.000
4812.6	0.005	0.000
4814.02	0.005	0.000
4815.43	0.005	0.000
4816.85	0.006	0.000
4818.26	0.006	0.000
4819.68	0.006	0.000
4821.09	0.006	0.000
4822.51	0.006	0.000
4823.92	0.006	0.000
4825.34	0.006	0.000
4826.75	0.006	0.000
4828.17	0.007	0.000
4829.58	0.007	0.000
4831	0.007	0.000
4832.41	0.007	0.000
4833.83	0.007	0.000
4835.24	0.007	0.000
4836.66	0.008	0.000
4838.07	0.008	0.000
4839.49	0.008	0.000
4840.9	0.008	0.000
4842.32	0.008	0.000
4843.73	0.008	0.000
4845.15	0.009	0.000
4846.57	0.009	0.000
4847.98	0.009	0.000
4849.4	0.009	0.000
4850.81	0.009	0.000
4852.23	0.009	0.000
4853.64	0.010	0.000
4855.06	0.010	0.000
4856.47	0.010	0.000
4857.89	0.010	0.000
4859.3	0.010	0.000
4860.72	0.011	0.000
4862.13	0.011	0.000
4863.55	0.011	0.000
4864.96	0.011	0.000
4866.38	0.012	0.000
4867.79	0.012	0.000
4869.21	0.012	0.000
4870.62	0.012	0.000
4872.04	0.013	0.000
4873.45	0.013	0.000
4874.87	0.013	0.000
4876.28	0.013	0.000
4877.7	0.014	0.000
4879.11	0.014	0.000
4880.53	0.014	0.000
4881.94	0.014	0.000
4883.36	0.015	0.000
4884.78	0.015	0.000
4886.19	0.015	0.000
4887.61	0.015	0.000
4889.02	0.016	0.000
4890.44	0.016	0.000
4891.85	0.016	0.000
4893.27	0.017	0.000
4894.68	0.017	0.000
4896.1	0.017	0.000
4897.51	0.018	0.000
4898.93	0.018	0.000
4900.34	0.018	0.000
4901.76	0.019	0.000
4903.17	0.019	0.000
4904.59	0.019	0.000
4906	0.020	0.000
4907.42	0.020	0.000
4908.83	0.021	0.000
4910.25	0.021	0.000
4911.66	0.021	0.000
4913.08	0.022	0.000
4914.49	0.022	0.000
4915.91	0.023	0.000
4917.32	0.023	0.000
4918.74	0.023	0.000
4920.16	0.024	0.000
4921.57	0.024	0.000
4922.99	0.025	0.000
4924.4	0.025	0.000
4925.82	0.026	0.000
4927.23	0.026	0.000
4928.65	0.027	0.000
4930.06	0.027	0.000
4931.48	0.028	0.000
4932.89	0.028	0.000
4934.31	0.029	0.000
4935.72	0.029	0.000
4937.14	0.030	0.000
4938.55	0.030	0.000
4939.97	0.031	0.000
4941.38	0.031	0.000
4942.8	0.032	0.000
4944.21	0.032	0.000
4945.63	0.033	0.000
4947.05	0.033	0.000
4948.46	0.034	0.000
4949.88	0.035	0.000
4951.29	0.035	0.000
4952.71	0.036	0.000
4954.12	0.036	0.000
4955.54	0.037	0.000
4956.95	0.038	0.000
4958.37	0.038	0.000
4959.78	0.039	0.000
4961.2	0.040	0.000
4962.61	0.040	0.000
4964.03	0.041	0.000
4965.44	0.042	0.000
4966.86	0.043	0.000
4968.27	0.043	0.000
4969.69	0.044	0.000
4971.1	0.045	0.000
4972.52	0.045	0.000
4973.93	0.046	0.000
4975.35	0.047	0.000
4976.76	0.048	0.000
4978.18	0.049	0.000
4979.6	0.049	0.000
4981.01	0.050	0.000
4982.43	0.051	0.000
4983.84	0.052	0.000
4985.26	0.053	0.000
4986.67	0.054	0.000
4988.09	0.054	0.000
4989.5	0.055	0.000
4990.92	0.056	0.000
4992.33	0.057	0.000
4993.75	0.058	0.000
4995.16	0.059	0.000
4996.58	0.060	0.000
4997.99	0.061	0.000
4999.41	0.062	0.000
5000.82	0.063	0.000
5002.24	0.064	0.000
5003.65	0.065	0.000
5005.07	0.066	0.000
5006.48	0.067	0.000
5007.9	0.068	0.000
5009.31	0.069	0.000
5010.73	0.070	0.000
5012.14	0.071	0.000
5013.56	0.072	0.000
5014.98	0.073	0.000
5016.39	0.074	0.000
5017.81	0.076	0.000
5019.22	0.077	0.000
5020.64	0.078	0.000
5022.05	0.079	0.000
5023.47	0.080	0.000
5024.88	0.081	0.000
5026.3	0.083	0.000
5027.71	0.084	0.000
5029.13	0.085	0.000
5030.54	0.086	0.000
5031.96	0.088	0.000
5033.37	0.089	0.000
5034.79	0.090	0.000
5036.2	0.092	0.000
5037.62	0.093	0.000
5039.03	0.094	0.000
5040.45	0.096	0.000
5041.86	0.097	0.000
5043.28	0.098	0.000
5044.69	0.100	0.000
5046.11	0.101	0.000
5047.53	0.103	0.000
5048.94	0.104	0.000
5050.36	0.106	0.000
5051.77	0.107	0.000
5053.19	0.109	0.000
5054.6	0.110	0.000
5056.02	0.112	0.000
5057.43	0.113	0.000
5058.85	0.115	0.000
5060.26	0.117	0.000
5061.68	0.118	0.000
5063.09	0.120	0.000
5064.51	0.122	0.000
5065.92	0.123	0.000
5067.34	0.125	0.000
5068.75	0.127	0.000
5070.17	0.128	0.000
5071.58	0.130	0.000
5073	0.132	0.000
5074.41	0.134	0.000
5075.83	0.135	0.000
5077.24	0.137	0.000
5078.66	0.139	0.000
5080.07	0.141	0.000
5081.49	0.143	0.000
5082.9	0.145	0.000
5084.32	0.147	0.000
5085.73	0.149	0.000
5087.15	0.150	0.000
5088.57	0.152	0.000
5089.98	0.154	0.000
5091.4	0.156	0.000
5092.81	0.158	0.000
5094.23	0.160	0.000
5095.64	0.163	0.000
5097.06	0.165	0.000
5098.47	0.167	0.000
5099.89	0.169	0.000
5101.3	0.171	0.000
5102.72	0.173	0.000
5104.13	0.175	0.000
5105.55	0.177	0.000
5106.96	0.180	0.000
5108.38	0.182	0.000
5109.79	0.184	0.000
5111.21	0.186	0.000
5112.62	0.189	0.000
5114.04	0.191	0.000
5115.45	0.193	0.000
5116.87	0.196	0.000
5118.28	0.198	0.000
5119.7	0.200	0.000
5121.11	0.203	0.000
5122.53	0.205	0.000
5123.95	0.208	0.000
5125.36	0.210	0.000
5126.78	0.213	0.000
5128.19	0.215	0.000
5129.61	0.218	0.000
5131.02	0.220	0.000
5132.44	0.223	0.000
5133.85	0.225	0.000
5135.27	0.228	0.000
5136.68	0.231	0.000
5138.1	0.233	0.000
5139.51	0.236	0.000
5140.93	0.239	0.000
5142.34	0.241	0.000
5143.76	0.244	0.000
5145.17	0.247	0.000
5146.59	0.250	0.000
5148	0.252	0.000
5149.42	0.255	0.000
5150.84	0.258	0.000
5152.25	0.261	0.000
5153.66	0.264	0.000
5155.08	0.267	0.000
5156.5	0.270	0.000
5157.91	0.272	0.000
5159.33	0.275	0.000
5160.74	0.278	0.000
5162.16	0.281	0.000
5163.57	0.284	0.000
5164.99	0.287	0.000
5166.4	0.290	0.000
5167.82	0.293	0.000
5169.23	0.297	0.000
5170.65	0.300	0.000
5172.06	0.303	0.000
5173.48	0.306	0.000
5174.89	0.309	0.000
5176.31	0.312	0.000
5177.72	0.315	0.000
5179.14	0.319	0.000
5180.55	0.322	0.000
5181.97	0.325	0.000
5183.39	0.328	0.000
5184.8	0.332	0.000
5186.22	0.335	0.000
5187.63	0.338	0.000
5189.05	0.342	0.000
5190.46	0.345	0.000
5191.88	0.348	0.000
5193.29	0.352	0.000
5194.71	0.355	0.000
5196.12	0.358	0.000
5197.54	0.362	0.000
5198.95	0.365	0.000
5200.37	0.369	0.000
5201.78	0.372	0.000
5203.2	0.376	0.000
5204.61	0.379	0.000
5206.03	0.383	0.000
5207.44	0.386	0.000
5208.86	0.390	0.000
5210.27	0.393	0.000
5211.69	0.397	0.000
5213.1	0.401	0.000
5214.52	0.404	0.000
5215.93	0.408	0.000
5217.35	0.412	0.000
5218.77	0.415	0.000
5220.18	0.419	0.000
5221.6	0.423	0.000
5223.01	0.426	0.000
5224.43	0.430	0.000
5225.84	0.434	0.000
5227.26	0.438	0.000
5228.67	0.441	0.000
5230.09	0.445	0.000
5231.5	0.449	0.000
5232.92	0.453	0.000
5234.33	0.456	0.000
5235.75	0.460	0.000
5237.16	0.464	0.000
5238.58	0.468	0.000
5239.99	0.472	0.000
5241.41	0.476	0.000
5242.82	0.480	0.000
5244.24	0.483	0.000
5245.65	0.487	0.000
5247.07	0.491	0.000
5248.48	0.495	0.000
5249.9	0.499	0.000
5251.32	0.503	0.000
5252.73	0.507	0.000
5254.15	0.511	0.000
5255.56	0.515	0.000
5256.98	0.519	0.000
5258.39	0.523	0.000
5259.81	0.527	0.001
5261.22	0.531	0.001
5262.64	0.535	0.001
5264.05	0.539	0.001
5265.47	0.543	0.001
5266.88	0.547	0.001
5268.3	0.551	0.001
5269.71	0.555	0.001
5271.13	0.559	0.001
5272.54	0.563	0.001
5273.96	0.567	0.001
5275.37	0.571	0.001
5276.79	0.575	0.001
5278.2	0.579	0.001
5279.62	0.583	0.001
5281.03	0.587	0.001
5282.45	0.591	0.001
5283.86	0.595	0.001
5285.28	0.599	0.001
5286.69	0.603	0.001
5288.11	0.607	0.001
5289.53	0.611	0.001
5290.94	0.615	0.001
5292.36	0.619	0.001
5293.77	0.623	0.001
5295.19	0.627	0.001
5296.6	0.631	0.001
5298.02	0.636	0.001
5299.43	0.640	0.001
5300.85	0.644	0.001
5302.26	0.648	0.001
5303.68	0.652	0.001
5305.09	0.656	0.001
5306.51	0.660	0.001
5307.92	0.664	0.001
5309.34	0.668	0.001
5310.75	0.672	0.001
5312.17	0.676	0.001
5313.58	0.680	0.001
5315	0.684	0.001
5316.41	0.688	0.001
5317.83	0.692	0.001
5319.24	0.696	0.001
5320.66	0.700	0.001
5322.07	0.703	0.001
5323.49	0.707	0.001
5324.9	0.711	0.001
5326.32	0.715	0.001
5327.74	0.719	0.001
5329.15	0.723	0.001
5330.57	0.727	0.001
5331.98	0.731	0.001
5333.4	0.735	0.001
5334.81	0.738	0.001
5336.23	0.742	0.001
5337.64	0.746	0.001
5339.06	0.750	0.001
5340.47	0.754	0.001
5341.89	0.757	0.001
5343.3	0.761	0.001
5344.72	0.765	0.001
5346.13	0.769	0.001
5347.55	0.772	0.001
5348.96	0.776	0.001
5350.38	0.780	0.001
5351.79	0.783	0.001
5353.21	0.787	0.002
5354.62	0.791	0.002
5356.04	0.794	0.002
5357.45	0.798	0.002
5358.87	0.801	0.002
5360.29	0.805	0.002
5361.7	0.809	0.002
5363.12	0.812	0.002
5364.53	0.816	0.002
5365.95	0.819	0.002
5367.36	0.822	0.002
5368.78	0.826	0.002
5370.19	0.829	0.002
5371.61	0.833	0.002
5373.02	0.836	0.002
5374.44	0.839	0.002
5375.85	0.843	0.002
5377.27	0.846	0.002
5378.68	0.849	0.002
5380.1	0.852	0.002
5381.51	0.856	0.002
5382.93	0.859	0.002
5384.34	0.862	0.002
5385.76	0.865	0.002
5387.18	0.868	0.002
5388.59	0.871	0.002
5390.01	0.874	0.002
5391.42	0.877	0.002
5392.84	0.880	0.002
5394.25	0.883	0.002
5395.67	0.886	0.002
5397.08	0.889	0.002
5398.5	0.892	0.002
5399.91	0.895	0.003
5401.33	0.897	0.003
5402.74	0.900	0.003
5404.16	0.903	0.003
5405.57	0.906	0.003
5406.99	0.908	0.003
5408.4	0.911	0.003
5409.82	0.914	0.003
5411.23	0.916	0.003
5412.65	0.919	0.003
5414.06	0.921	0.003
5415.48	0.924	0.003
5416.89	0.926	0.003
5418.31	0.929	0.003
5419.72	0.931	0.003
5421.14	0.933	0.003
5422.56	0.936	0.003
5423.97	0.938	0.003
5425.39	0.940	0.003
5426.8	0.942	0.003
5428.22	0.944	0.003
5429.63	0.946	0.003
5431.05	0.949	0.004
5432.46	0.951	0.004
5433.88	0.953	0.004
5435.29	0.955	0.004
5436.71	0.956	0.004
5438.12	0.958	0.004
5439.54	0.960	0.004
5440.95	0.962	0.004
5442.37	0.964	0.004
5443.78	0.965	0.004
5445.2	0.967	0.004
5446.61	0.969	0.004
5448.03	0.970	0.004
5449.44	0.972	0.004
5450.86	0.974	0.004
5452.27	0.975	0.004
5453.69	0.976	0.004
5455.11	0.978	0.005
5456.52	0.979	0.005
5457.94	0.981	0.005
5459.35	0.982	0.005
5460.77	0.983	0.005
5462.18	0.984	0.005
5463.6	0.985	0.005
5465.01	0.986	0.005
5466.43	0.988	0.005
5467.84	0.989	0.005
5469.26	0.990	0.005
5470.67	0.990	0.005
5472.09	0.991	0.005
5473.5	0.992	0.005
5474.92	0.993	0.006
5476.33	0.994	0.006
5477.75	0.995	0.006
5479.16	0.995	0.006
5480.58	0.996	0.006
5481.99	0.996	0.006
5483.41	0.997	0.006
5484.82	0.997	0.006
5486.24	0.998	0.006
5487.65	0.998	0.006
5489.07	0.999	0.006
5490.48	0.999	0.007
5491.9	0.999	0.007
5493.32	1.000	0.007
5494.73	1.000	0.007
5496.15	1.000	0.007
5497.56	1.000	0.007
5498.98	1.000	0.007
5500.39	1.000	0.007
5501.81	1.000	0.007
5503.22	1.000	0.007
5504.64	1.000	0.008
5506.05	1.000	0.008
5507.47	0.999	0.008
5508.88	0.999	0.008
5510.3	0.999	0.008
5511.71	0.998	0.008
5513.13	0.998	0.008
5514.54	0.998	0.008
5515.96	0.997	0.008
5517.37	0.997	0.008
5518.79	0.996	0.009
5520.2	0.995	0.009
5521.62	0.995	0.009
5523.03	0.994	0.009
5524.45	0.993	0.009
5525.86	0.993	0.009
5527.28	0.992	0.009
5528.69	0.991	0.009
5530.11	0.990	0.010
5531.53	0.989	0.010
5532.94	0.988	0.010
5534.36	0.987	0.010
5535.77	0.986	0.010
5537.19	0.985	0.010
5538.6	0.984	0.010
5540.02	0.982	0.011
5541.43	0.981	0.011
5542.85	0.980	0.011
5544.26	0.978	0.011
5545.68	0.977	0.011
5547.09	0.976	0.011
5548.51	0.974	0.011
5549.92	0.973	0.012
5551.34	0.971	0.012
5552.75	0.970	0.012
5554.17	0.968	0.012
5555.58	0.966	0.012
5557	0.965	0.012
5558.41	0.963	0.013
5559.83	0.961	0.013
5561.24	0.959	0.013
5562.66	0.957	0.013
5564.08	0.955	0.013
5565.49	0.953	0.013
5566.91	0.951	0.014
5568.32	0.949	0.014
5569.74	0.947	0.014
5571.15	0.945	0.014
5572.57	0.943	0.014
5573.98	0.941	0.014
5575.4	0.939	0.015
5576.81	0.937	0.015
5578.23	0.934	0.015
5579.64	0.932	0.015
5581.06	0.930	0.015
5582.47	0.927	0.016
5583.89	0.925	0.016
5585.3	0.922	0.016
5586.72	0.920	0.016
5588.13	0.917	0.016
5589.55	0.915	0.017
5590.97	0.912	0.017
5592.38	0.910	0.017
5593.8	0.907	0.017
5595.21	0.904	0.018
5596.62	0.901	0.018
5598.04	0.899	0.018
5599.46	0.896	0.018
5600.87	0.893	0.018
5602.29	0.890	0.019
5603.7	0.887	0.019
5605.12	0.884	0.019
5606.53	0.882	0.019
5607.95	0.879	0.020
5609.36	0.876	0.020
5610.78	0.873	0.020
5612.19	0.869	0.020
5613.61	0.866	0.021
5615.02	0.863	0.021
5616.44	0.860	0.021
5617.85	0.857	0.021
5619.27	0.854	0.022
5620.68	0.851	0.022
5622.1	0.847	0.022
5623.51	0.844	0.023
5624.93	0.841	0.023
5626.35	0.837	0.023
5627.76	0.834	0.023
5629.18	0.831	0.024
5630.59	0.827	0.024
5632.01	0.824	0.024
5633.42	0.821	0.025
5634.84	0.817	0.025
5636.25	0.814	0.025
5637.67	0.810	0.025
5639.08	0.807	0.026
5640.5	0.803	0.026
5641.91	0.800	0.026
5643.33	0.796	0.027
5644.74	0.792	0.027
5646.16	0.789	0.027
5647.57	0.785	0.028
5648.99	0.781	0.028
5650.4	0.778	0.028
5651.82	0.774	0.029
5653.23	0.770	0.029
5654.65	0.767	0.029
5656.06	0.763	0.030
5657.48	0.759	0.030
5658.9	0.755	0.030
5660.31	0.752	0.031
5661.73	0.748	0.031
5663.14	0.744	0.031
5664.56	0.740	0.032
5665.97	0.736	0.032
5667.39	0.732	0.033
5668.8	0.729	0.033
5670.22	0.725	0.033
5671.63	0.721	0.034
5673.05	0.717	0.034
5674.46	0.713	0.035
5675.88	0.709	0.035
5677.29	0.705	0.035
5678.71	0.701	0.036
5680.12	0.697	0.036
5681.54	0.693	0.037
5682.95	0.689	0.037
5684.37	0.685	0.037
5685.78	0.681	0.038
5687.2	0.677	0.038
5688.61	0.673	0.039
5690.03	0.669	0.039
5691.44	0.665	0.040
5692.86	0.661	0.040
5694.28	0.657	0.041
5695.69	0.653	0.041
5697.11	0.649	0.041
5698.52	0.645	0.042
5699.94	0.641	0.042
5701.35	0.637	0.043
5702.77	0.633	0.043
5704.18	0.629	0.044
5705.6	0.625	0.044
5707.01	0.621	0.045
5708.43	0.617	0.045
5709.84	0.613	0.046
5711.26	0.609	0.046
5712.67	0.605	0.047
5714.09	0.601	0.047
5715.5	0.597	0.048
5716.92	0.593	0.048
5718.33	0.589	0.049
5719.75	0.585	0.049
5721.16	0.581	0.050
5722.58	0.577	0.051
5723.99	0.573	0.051
5725.41	0.569	0.052
5726.82	0.565	0.052
5728.24	0.561	0.053
5729.65	0.557	0.053
5731.07	0.553	0.054
5732.48	0.549	0.055
5733.9	0.545	0.055
5735.32	0.540	0.056
5736.73	0.537	0.056
5738.15	0.533	0.057
5739.56	0.529	0.058
5740.98	0.525	0.058
5742.39	0.521	0.059
5743.81	0.517	0.059
5745.22	0.513	0.060
5746.64	0.509	0.061
5748.05	0.505	0.061
5749.47	0.501	0.062
5750.88	0.497	0.063
5752.3	0.493	0.063
5753.71	0.489	0.064
5755.13	0.485	0.065
5756.54	0.481	0.065
5757.96	0.477	0.066
5759.37	0.474	0.067
5760.79	0.470	0.067
5762.2	0.466	0.068
5763.62	0.462	0.069
5765.03	0.458	0.069
5766.45	0.454	0.070
5767.87	0.451	0.071
5769.28	0.447	0.072
5770.7	0.443	0.072
5772.11	0.439	0.073
5773.53	0.435	0.074
5774.94	0.432	0.075
5776.36	0.428	0.075
5777.77	0.424	0.076
5779.19	0.421	0.077
5780.6	0.417	0.078
5782.02	0.413	0.078
5783.43	0.410	0.079
5784.85	0.406	0.080
5786.26	0.402	0.081
5787.68	0.399	0.082
5789.09	0.395	0.082
5790.51	0.392	0.083
5791.92	0.388	0.084
5793.34	0.384	0.085
5794.76	0.381	0.086
5796.17	0.377	0.087
5797.59	0.374	0.087
5799	0.370	0.088
5800.41	0.367	0.089
5801.83	0.363	0.090
5803.25	0.360	0.091
5804.66	0.357	0.092
5806.08	0.353	0.093
5807.49	0.350	0.094
5808.91	0.346	0.095
5810.32	0.343	0.095
5811.74	0.340	0.096
5813.15	0.336	0.097
5814.57	0.333	0.098
5815.98	0.330	0.099
5817.4	0.326	0.100
5818.81	0.323	0.101
5820.23	0.320	0.102
5821.64	0.317	0.103
5823.06	0.314	0.104
5824.47	0.310	0.105
5825.89	0.307	0.106
5827.3	0.304	0.107
5828.72	0.301	0.108
5830.14	0.298	0.109
5831.55	0.295	0.110
5832.97	0.292	0.111
5834.38	0.289	0.112
5835.8	0.286	0.113
5837.21	0.283	0.114
5838.63	0.280	0.115
5840.04	0.277	0.116
5841.46	0.274	0.117
5842.87	0.271	0.119
5844.29	0.268	0.120
5845.7	0.265	0.121
5847.12	0.262	0.122
5848.53	0.259	0.123
5849.95	0.256	0.124
5851.36	0.254	0.125
5852.78	0.251	0.126
5854.19	0.248	0.128
5855.61	0.245	0.129
5857.02	0.243	0.130
5858.44	0.240	0.131
5859.85	0.237	0.132
5861.27	0.235	0.133
5862.69	0.232	0.135
5864.1	0.229	0.136
5865.52	0.227	0.137
5866.93	0.224	0.138
5868.35	0.221	0.139
5869.76	0.219	0.141
5871.18	0.216	0.142
5872.59	0.214	0.143
5874.01	0.211	0.144
5875.42	0.209	0.146
5876.84	0.206	0.147
5878.25	0.204	0.148
5879.67	0.202	0.150
5881.08	0.199	0.151
5882.5	0.197	0.152
5883.91	0.194	0.153
5885.33	0.192	0.155
5886.74	0.190	0.156
5888.16	0.187	0.157
5889.57	0.185	0.159
5890.99	0.183	0.160
5892.4	0.181	0.162
5893.82	0.178	0.163
5895.23	0.176	0.164
5896.65	0.174	0.166
5898.07	0.172	0.167
5899.48	0.170	0.168
5900.9	0.168	0.170
5902.31	0.166	0.171
5903.73	0.163	0.173
5905.14	0.161	0.174
5906.56	0.159	0.176
5907.97	0.157	0.177
5909.39	0.155	0.179
5910.8	0.153	0.180
5912.22	0.151	0.182
5913.63	0.149	0.183
5915.05	0.147	0.185
5916.46	0.146	0.186
5917.88	0.144	0.188
5919.29	0.142	0.189
5920.71	0.140	0.191
5922.12	0.138	0.192
5923.54	0.136	0.194
5924.95	0.134	0.195
5926.37	0.133	0.197
5927.78	0.131	0.199
5929.2	0.129	0.200
5930.61	0.127	0.202
5932.03	0.126	0.203
5933.44	0.124	0.205
5934.86	0.122	0.207
5936.28	0.121	0.208
5937.69	0.119	0.210
5939.11	0.117	0.211
5940.52	0.116	0.213
5941.94	0.114	0.215
5943.35	0.113	0.217
5944.77	0.111	0.218
5946.18	0.109	0.220
5947.6	0.108	0.222
5949.01	0.106	0.223
5950.43	0.105	0.225
5951.84	0.103	0.227
5953.26	0.102	0.229
5954.67	0.101	0.230
5956.09	0.099	0.232
5957.5	0.098	0.234
5958.92	0.096	0.236
5960.33	0.095	0.237
5961.75	0.094	0.239
5963.16	0.092	0.241
5964.58	0.091	0.243
5965.99	0.090	0.245
5967.41	0.088	0.246
5968.82	0.087	0.248
5970.24	0.086	0.250
5971.66	0.084	0.252
5973.07	0.083	0.254
5974.49	0.082	0.256
5975.9	0.081	0.258
5977.32	0.080	0.259
5978.73	0.078	0.261
5980.15	0.077	0.263
5981.56	0.076	0.265
5982.98	0.075	0.267
5984.39	0.074	0.269
5985.81	0.073	0.271
5987.22	0.072	0.273
5988.64	0.070	0.275
5990.05	0.069	0.277
5991.47	0.068	0.279
5992.88	0.067	0.281
5994.3	0.066	0.283
5995.71	0.065	0.285
5997.13	0.064	0.287
5998.55	0.063	0.289
5999.96	0.062	0.291
6001.38	0.061	0.293
6002.79	0.060	0.295
6004.2	0.059	0.297
6005.62	0.058	0.299
6007.04	0.057	0.301
6008.45	0.057	0.303
6009.87	0.056	0.305
6011.28	0.055	0.307
6012.7	0.054	0.310
6014.11	0.053	0.312
6015.53	0.052	0.314
6016.94	0.051	0.316
6018.36	0.051	0.318
6019.77	0.050	0.320
6021.19	0.049	0.322
6022.6	0.048	0.324
6024.02	0.047	0.327
6025.43	0.047	0.329
6026.85	0.046	0.331
6028.26	0.045	0.333
6029.68	0.044	0.335
6031.09	0.044	0.338
6032.51	0.043	0.340
6033.93	0.042	0.342
6035.34	0.041	0.344
6036.76	0.041	0.347
6038.17	0.040	0.349
6039.59	0.039	0.351
6041	0.039	0.353
6042.42	0.038	0.356
6043.83	0.037	0.358
6045.25	0.037	0.360
6046.66	0.036	0.362
6048.08	0.036	0.365
6049.49	0.035	0.367
6050.91	0.034	0.369
6052.32	0.034	0.372
6053.74	0.033	0.374
6055.15	0.033	0.376
6056.57	0.032	0.379
6057.98	0.031	0.381
6059.4	0.031	0.383
6060.81	0.030	0.386
6062.23	0.030	0.388
6063.64	0.029	0.391
6065.06	0.029	0.393
6066.48	0.028	0.395
6067.89	0.028	0.398
6069.31	0.027	0.400
6070.72	0.027	0.403
6072.14	0.026	0.405
6073.55	0.026	0.407
6074.97	0.025	0.410
6076.38	0.025	0.412
6077.8	0.024	0.415
6079.21	0.024	0.417
6080.63	0.024	0.420
6082.04	0.023	0.422
6083.46	0.023	0.425
6084.87	0.022	0.427
6086.29	0.022	0.429
6087.7	0.022	0.432
6089.12	0.021	0.434
6090.53	0.021	0.437
6091.95	0.020	0.439
6093.36	0.020	0.442
6094.78	0.020	0.444
6096.19	0.019	0.447
6097.61	0.019	0.450
6099.02	0.019	0.452
6100.44	0.018	0.455
6101.86	0.018	0.457
6103.27	0.018	0.460
6104.69	0.017	0.462
6106.1	0.017	0.465
6107.52	0.017	0.467
6108.93	0.016	0.470
6110.35	0.016	0.472
6111.76	0.016	0.475
6113.18	0.015	0.478
6114.59	0.015	0.480
6116.01	0.015	0.483
6117.42	0.014	0.485
6118.84	0.014	0.488
6120.25	0.014	0.491
6121.67	0.014	0.493
6123.08	0.013	0.496
6124.5	0.013	0.498
6125.91	0.013	0.501
6127.33	0.013	0.504
6128.74	0.012	0.506
6130.16	0.012	0.509
6131.57	0.012	0.512
6132.99	0.012	0.514
6134.4	0.011	0.517
6135.82	0.011	0.519
6137.24	0.011	0.522
6138.65	0.011	0.525
6140.07	0.011	0.527
6141.48	0.010	0.530
6142.9	0.010	0.533
6144.31	0.010	0.535
6145.73	0.010	0.538
6147.14	0.010	0.541
6148.56	0.009	0.543
6149.97	0.009	0.546
6151.39	0.009	0.549
6152.8	0.009	0.551
6154.22	0.009	0.554
6155.63	0.008	0.557
6157.05	0.008	0.559
6158.46	0.008	0.562
6159.88	0.008	0.565
6161.29	0.008	0.567
6162.71	0.008	0.570
6164.12	0.007	0.573
6165.54	0.007	0.576
6166.95	0.007	0.578
6168.37	0.007	0.581
6169.78	0.007	0.584
6171.2	0.007	0.586
6172.61	0.007	0.589
6174.03	0.006	0.592
6175.45	0.006	0.594
6176.86	0.006	0.597
6178.28	0.006	0.600
6179.69	0.006	0.603
6181.11	0.006	0.605
6182.52	0.006	0.608
6183.94	0.006	0.611
6185.35	0.005	0.613
6186.77	0.005	0.616
6188.18	0.005	0.619
6189.6	0.005	0.621
6191.01	0.005	0.624
6192.43	0.005	0.627
6193.84	0.005	0.629
6195.26	0.005	0.632
6196.67	0.005	0.635
6198.09	0.004	0.638
6199.5	0.004	0.640
6200.92	0.004	0.643
6202.34	0.004	0.646
6203.75	0.004	0.648
6205.16	0.004	0.651
6206.58	0.004	0.654
6207.99	0.004	0.656
6209.41	0.004	0.659
6210.83	0.004	0.662
6212.24	0.004	0.664
6213.66	0.003	0.667
6215.07	0.003	0.670
6216.49	0.003	0.672
6217.9	0.003	0.675
6219.32	0.003	0.678
6220.73	0.003	0.680
6222.15	0.003	0.683
6223.56	0.003	0.686
6224.98	0.003	0.688
6226.39	0.003	0.691
6227.81	0.003	0.694
6229.22	0.003	0.696
6230.64	0.003	0.699
6232.05	0.003	0.701
6233.47	0.003	0.704
6234.88	0.002	0.707
6236.3	0.002	0.709
6237.72	0.002	0.712
6239.13	0.002	0.715
6240.55	0.002	0.717
6241.96	0.002	0.720
6243.38	0.002	0.722
6244.79	0.002	0.725
6246.21	0.002	0.728
6247.62	0.002	0.730
6249.04	0.002	0.733
6250.45	0.002	0.735
6251.87	0.002	0.738
6253.28	0.002	0.740
6254.7	0.002	0.743
6256.11	0.002	0.745
6257.53	0.002	0.748
6258.94	0.002	0.751
6260.36	0.002	0.753
6261.77	0.002	0.756
6263.19	0.002	0.758
6264.6	0.002	0.761
6266.02	0.001	0.763
6267.43	0.001	0.766
6268.85	0.001	0.768
6270.27	0.001	0.771
6271.68	0.001	0.773
6273.1	0.001	0.775
6274.51	0.001	0.778
6275.93	0.001	0.780
6277.34	0.001	0.783
6278.76	0.001	0.785
6280.17	0.001	0.788
6281.59	0.001	0.790
6283	0.001	0.793
6284.42	0.001	0.795
6285.83	0.001	0.797
6287.25	0.001	0.800
6288.66	0.001	0.802
6290.08	0.001	0.804
6291.49	0.001	0.807
6292.91	0.001	0.809
6294.32	0.001	0.811
6295.74	0.001	0.814
6297.15	0.001	0.816
6298.57	0.001	0.818
6299.98	0.001	0.821
6301.4	0.001	0.823
6302.81	0.001	0.825
6304.23	0.001	0.828
6305.65	0.001	0.830
6307.06	0.001	0.832
6308.48	0.001	0.834
6309.89	0.001	0.837
6311.31	0.001	0.839
6312.72	0.001	0.841
6314.14	0.001	0.843
6315.55	0.001	0.845
6316.97	0.001	0.848
6318.38	0.001	0.850
6319.8	0.001	0.852
6321.21	0.001	0.854
6322.63	0.001	0.856
6324.04	0.001	0.858
6325.46	0.001	0.860
6326.87	0.001	0.862
6328.29	0.000	0.864
6329.7	0.000	0.867
6331.12	0.000	0.869
6332.53	0.000	0.871
6333.95	0.000	0.873
6335.36	0.000	0.875
6336.78	0.000	0.877
6338.19	0.000	0.879
6339.61	0.000	0.881
6341.03	0.000	0.883
6342.44	0.000	0.885
6343.86	0.000	0.887
6345.27	0.000	0.888
6346.69	0.000	0.890
6348.1	0.000	0.892
6349.52	0.000	0.894
6350.93	0.000	0.896
6352.35	0.000	0.898
6353.76	0.000	0.900
6355.18	0.000	0.902
6356.59	0.000	0.903
6358.01	0.000	0.905
6359.42	0.000	0.907
6360.84	0.000	0.909
6362.25	0.000	0.911
6363.67	0.000	0.912
6365.08	0.000	0.914
6366.5	0.000	0.916
6367.91	0.000	0.917
6369.33	0.000	0.919
6370.74	0.000	0.921
6372.16	0.000	0.922
6373.57	0.000	0.924
6374.99	0.000	0.926
6376.4	0.000	0.927
6377.82	0.000	0.929
6379.24	0.000	0.931
6380.65	0.000	0.932
6382.07	0.000	0.934
6383.48	0.000	0.935
6384.9	0.000	0.937
6386.31	0.000	0.938
6387.73	0.000	0.940
6389.14	0.000	0.941
6390.56	0.000	0.943
6391.97	0.000	0.944
6393.39	0.000	0.945
6394.8	0.000	0.947
6396.22	0.000	0.948
6397.63	0.000	0.950
6399.05	0.000	0.951
6400.46	0.000	0.952
6401.88	0.000	0.954
6403.29	0.000	0.955
6404.71	0.000	0.956
6406.12	0.000	0.957
6407.54	0.000	0.959
6408.95	0.000	0.960
6410.37	0.000	0.961
6411.78	0.000	0.962
6413.2	0.000	0.963
6414.62	0.000	0.965
6416.03	0.000	0.966
6417.45	0.000	0.967
6418.86	0.000	0.968
6420.28	0.000	0.969
6421.69	0.000	0.970
6423.11	0.000	0.971
6424.52	0.000	0.972
6425.94	0.000	0.973
6427.35	0.000	0.974
6428.77	0.000	0.975
6430.18	0.000	0.976
6431.6	0.000	0.977
6433.01	0.000	0.978
6434.43	0.000	0.979
6435.84	0.000	0.980
6437.26	0.000	0.981
6438.67	0.000	0.982
6440.09	0.000	0.982
6441.51	0.000	0.983
6442.92	0.000	0.984
6444.34	0.000	0.985
6445.75	0.000	0.986
6447.17	0.000	0.986
6448.58	0.000	0.987
6450	0.000	0.988
6451.41	0.000	0.988
6452.83	0.000	0.989
6454.24	0.000	0.990
6455.66	0.000	0.990
6457.07	0.000	0.991
6458.49	0.000	0.992
6459.9	0.000	0.992
6461.32	0.000	0.993
6462.73	0.000	0.993
6464.15	0.000	0.994
6465.56	0.000	0.994
6466.98	0.000	0.995
6468.39	0.000	0.995
6469.81	0.000	0.996
6471.22	0.000	0.996
6472.64	0.000	0.996
6474.06	0.000	0.997
6475.47	0.000	0.997
6476.89	0.000	0.997
6478.3	0.000	0.998
6479.72	0.000	0.998
6481.13	0.000	0.998
6482.55	0.000	0.998
6483.96	0.000	0.999
6485.38	0.000	0.999
6486.79	0.000	0.999
6488.21	0.000	0.999
6489.62	0.000	0.999
6491.04	0.000	1.000
6492.45	0.000	1.000
6493.87	0.000	1.000
6495.28	0.000	1.000
6496.7	0.000	1.000
6498.11	0.000	1.000
6499.53	0.000	1.000
6500.94	0.000	1.000
6502.36	0.000	1.000
6503.77	0.000	1.000
6505.19	0.000	1.000
6506.6	0.000	1.000
6508.02	0.000	1.000
6509.44	0.000	1.000
6510.85	0.000	0.999
6512.27	0.000	0.999
6513.68	0.000	0.999
6515.1	0.000	0.999
6516.51	0.000	0.999
6517.93	0.000	0.998
6519.34	0.000	0.998
6520.76	0.000	0.998
6522.17	0.000	0.998
6523.59	0.000	0.997
6525	0.000	0.997
6526.42	0.000	0.997
6527.83	0.000	0.996
6529.25	0.000	0.996
6530.66	0.000	0.995
6532.08	0.000	0.995
6533.49	0.000	0.994
6534.91	0.000	0.994
6536.32	0.000	0.994
6537.74	0.000	0.993
6539.15	0.000	0.992
6540.57	0.000	0.992
6541.99	0.000	0.991
6543.4	0.000	0.991
6544.82	0.000	0.990
6546.23	0.000	0.990
6547.65	0.000	0.989
6549.06	0.000	0.988
6550.48	0.000	0.987
6551.89	0.000	0.987
6553.31	0.000	0.986
6554.72	0.000	0.985
6556.14	0.000	0.985
6557.55	0.000	0.984
6558.97	0.000	0.983
6560.38	0.000	0.982
6561.8	0.000	0.981
6563.21	0.000	0.980
6564.63	0.000	0.980
6566.04	0.000	0.979
6567.46	0.000	0.978
6568.87	0.000	0.977
6570.29	0.000	0.976
6571.7	0.000	0.975
6573.12	0.000	0.974
6574.53	0.000	0.973
6575.95	0.000	0.972
6577.36	0.000	0.971
6578.78	0.000	0.970
6580.19	0.000	0.969
6581.61	0.000	0.968
6583.03	0.000	0.967
6584.44	0.000	0.965
6585.86	0.000	0.964
6587.27	0.000	0.963
6588.69	0.000	0.962
6590.1	0.000	0.961
6591.52	0.000	0.959
6592.93	0.000	0.958
6594.35	0.000	0.957
6595.76	0.000	0.956
6597.18	0.000	0.954
6598.59	0.000	0.953
6600.01	0.000	0.952
6601.42	0.000	0.950
6602.84	0.000	0.949
6604.25	0.000	0.948
6605.67	0.000	0.946
6607.08	0.000	0.945
6608.5	0.000	0.944
6609.91	0.000	0.942
6611.33	0.000	0.941
6612.74	0.000	0.939
6614.16	0.000	0.938
6615.57	0.000	0.936
6616.99	0.000	0.935
6618.41	0.000	0.933
6619.82	0.000	0.932
6621.24	0.000	0.930
6622.65	0.000	0.928
6624.07	0.000	0.927
6625.48	0.000	0.925
6626.9	0.000	0.924
6628.31	0.000	0.922
6629.73	0.000	0.920
6631.14	0.000	0.919
6632.56	0.000	0.917
6633.97	0.000	0.915
6635.39	0.000	0.913
6636.8	0.000	0.912
6638.22	0.000	0.910
6639.63	0.000	0.908
6641.05	0.000	0.906
6642.46	0.000	0.905
6643.88	0.000	0.903
6645.3	0.000	0.901
6646.71	0.000	0.899
6648.12	0.000	0.897
6649.54	0.000	0.895
6650.96	0.000	0.894
6652.37	0.000	0.892
6653.79	0.000	0.890
6655.2	0.000	0.888
6656.62	0.000	0.886
6658.03	0.000	0.884
6659.45	0.000	0.882
6660.86	0.000	0.880
6662.28	0.000	0.878
6663.69	0.000	0.876
6665.11	0.000	0.874
6666.52	0.000	0.872
6667.94	0.000	0.870
6669.35	0.000	0.868
6670.77	0.000	0.866
6672.18	0.000	0.864
6673.6	0.000	0.862
6675.01	0.000	0.860
6676.43	0.000	0.858
6677.85	0.000	0.855
6679.26	0.000	0.853
6680.68	0.000	0.851
6682.09	0.000	0.849
6683.51	0.000	0.847
6684.92	0.000	0.845
6686.34	0.000	0.842
6687.75	0.000	0.840
6689.17	0.000	0.838
6690.58	0.000	0.836
6692	0.000	0.834
6693.41	0.000	0.831
6694.83	0.000	0.829
6696.24	0.000	0.827
6697.66	0.000	0.825
6699.07	0.000	0.822
6700.49	0.000	0.820
6701.9	0.000	0.818
6703.32	0.000	0.815
6704.73	0.000	0.813
6706.15	0.000	0.811
6707.56	0.000	0.808
6708.98	0.000	0.806
6710.39	0.000	0.804
6711.81	0.000	0.801
6713.23	0.000	0.799
6714.64	0.000	0.797
6716.06	0.000	0.794
6717.47	0.000	0.792
6718.89	0.000	0.789
6720.3	0.000	0.787
6721.72	0.000	0.784
6723.13	0.000	0.782
6724.55	0.000	0.780
6725.96	0.000	0.777
6727.38	0.000	0.775
6728.79	0.000	0.772
6730.21	0.000	0.770
6731.62	0.000	0.767
6733.04	0.000	0.765
6734.45	0.000	0.762
6735.87	0.000	0.760
6737.28	0.000	0.757
6738.7	0.000	0.755
6740.11	0.000	0.752
6741.53	0.000	0.750
6742.94	0.000	0.747
6744.36	0.000	0.745
6745.78	0.000	0.742
6747.19	0.000	0.740
6748.61	0.000	0.737
6750.02	0.000	0.734
6751.44	0.000	0.732
6752.85	0.000	0.729
6754.27	0.000	0.727
6755.68	0.000	0.724
6757.1	0.000	0.722
6758.51	0.000	0.719
6759.93	0.000	0.716
6761.34	0.000	0.714
6762.76	0.000	0.711
6764.17	0.000	0.708
6765.59	0.000	0.706
6767	0.000	0.703
6768.42	0.000	0.701
6769.83	0.000	0.698
6771.25	0.000	0.695
6772.66	0.000	0.693
6774.08	0.000	0.690
6775.49	0.000	0.687
6776.91	0.000	0.685
6778.32	0.000	0.682
6779.74	0.000	0.679
6781.15	0.000	0.677
6782.57	0.000	0.674
6783.99	0.000	0.671
6785.4	0.000	0.669
6786.82	0.000	0.666
6788.23	0.000	0.663
6789.65	0.000	0.661
6791.06	0.000	0.658
6792.48	0.000	0.655
6793.89	0.000	0.653
6795.31	0.000	0.650
6796.72	0.000	0.647
6798.14	0.000	0.645
6799.55	0.000	0.642
6800.97	0.000	0.639
6802.38	0.000	0.637
6803.8	0.000	0.634
6805.21	0.000	0.631
6806.63	0.000	0.629
6808.04	0.000	0.626
6809.46	0.000	0.623
6810.87	0.000	0.620
6812.29	0.000	0.618
6813.7	0.000	0.615
6815.12	0.000	0.612
6816.53	0.000	0.610
6817.95	0.000	0.607
6819.36	0.000	0.604
6820.78	0.000	0.602
6822.2	0.000	0.599
6823.61	0.000	0.596
6825.03	0.000	0.594
6826.44	0.000	0.591
6827.86	0.000	0.588
6829.27	0.000	0.585
6830.69	0.000	0.583
6832.1	0.000	0.580
6833.52	0.000	0.577
6834.93	0.000	0.575
6836.35	0.000	0.572
6837.76	0.000	0.569
6839.18	0.000	0.567
6840.59	0.000	0.564
6842.01	0.000	0.561
6843.42	0.000	0.559
6844.84	0.000	0.556
6846.25	0.000	0.553
6847.67	0.000	0.551
6849.09	0.000	0.548
6850.5	0.000	0.545
6851.91	0.000	0.542
6853.33	0.000	0.540
6854.75	0.000	0.537
6856.16	0.000	0.535
6857.58	0.000	0.532
6858.99	0.000	0.529
6860.41	0.000	0.527
6861.82	0.000	0.524
6863.24	0.000	0.521
6864.65	0.000	0.519
6866.07	0.000	0.516
6867.48	0.000	0.513
6868.9	0.000	0.511
6870.31	0.000	0.508
6871.73	0.000	0.505
6873.14	0.000	0.503
6874.56	0.000	0.500
6875.97	0.000	0.498
6877.39	0.000	0.495
6878.8	0.000	0.492
6880.22	0.000	0.490
6881.64	0.000	0.487
6883.05	0.000	0.485
6884.47	0.000	0.482
6885.88	0.000	0.479
6887.3	0.000	0.477
6888.71	0.000	0.474
6890.13	0.000	0.472
6891.54	0.000	0.469
6892.96	0.000	0.466
6894.37	0.000	0.464
6895.79	0.000	0.461
6897.2	0.000	0.459
6898.62	0.000	0.456
6900.03	0.000	0.454
6901.45	0.000	0.451
6902.86	0.000	0.449
6904.28	0.000	0.446
6905.69	0.000	0.444
6907.11	0.000	0.441
6908.52	0.000	0.439
6909.94	0.000	0.436
6911.35	0.000	0.434
6912.77	0.000	0.431
6914.18	0.000	0.429
6915.6	0.000	0.426
6917.02	0.000	0.424
6918.43	0.000	0.421
6919.85	0.000	0.419
6921.26	0.000	0.416
6922.68	0.000	0.414
6924.09	0.000	0.411
6925.51	0.000	0.409
6926.92	0.000	0.407
6928.34	0.000	0.404
6929.75	0.000	0.402
6931.17	0.000	0.399
6932.58	0.000	0.397
6934	0.000	0.394
6935.41	0.000	0.392
6936.83	0.000	0.390
6938.24	0.000	0.387
6939.66	0.000	0.385
6941.07	0.000	0.383
6942.49	0.000	0.380
6943.9	0.000	0.378
6945.32	0.000	0.376
6946.73	0.000	0.373
6948.15	0.000	0.371
6949.57	0.000	0.369
6950.98	0.000	0.366
6952.4	0.000	0.364
6953.81	0.000	0.362
6955.23	0.000	0.359
6956.64	0.000	0.357
6958.06	0.000	0.355
6959.47	0.000	0.353
6960.89	0.000	0.350
6962.3	0.000	0.348
6963.72	0.000	0.346
6965.13	0.000	0.344
6966.55	0.000	0.341
6967.96	0.000	0.339
6969.38	0.000	0.337
6970.79	0.000	0.335
6972.21	0.000	0.332
6973.62	0.000	0.330
6975.04	0.000	0.328
6976.45	0.000	0.326
6977.87	0.000	0.324
6979.28	0.000	0.322
6980.7	0.000	0.319
6982.11	0.000	0.317
6983.53	0.000	0.315
6984.94	0.000	0.313
6986.36	0.000	0.311
6987.78	0.000	0.309
6989.19	0.000	0.307
6990.61	0.000	0.305
6992.02	0.000	0.303
6993.44	0.000	0.300
6994.85	0.000	0.298
6996.27	0.000	0.296
6997.68	0.000	0.294
6999.1	0.000	0.292
7000.51	0.000	0.290
7001.93	0.000	0.288
7003.34	0.000	0.286
7004.76	0.000	0.284
7006.17	0.000	0.282
7007.59	0.000	0.280
7009	0.000	0.278
7010.42	0.000	0.276
7011.83	0.000	0.274
7013.25	0.000	0.272
7014.66	0.000	0.270
7016.08	0.000	0.268
7017.49	0.000	0.266
7018.91	0.000	0.265
7020.32	0.000	0.263
7021.74	0.000	0.261
7023.15	0.000	0.259
7024.57	0.000	0.257
7025.99	0.000	0.255
7027.4	0.000	0.253
7028.82	0.000	0.251
7030.23	0.000	0.249
7031.65	0.000	0.248
7033.06	0.000	0.246
7034.48	0.000	0.244
7035.89	0.000	0.242
7037.31	0.000	0.240
7038.72	0.000	0.239
7040.14	0.000	0.237
7041.55	0.000	0.235
7042.97	0.000	0.233
7044.38	0.000	0.231
7045.8	0.000	0.230
7047.21	0.000	0.228
7048.63	0.000	0.226
7050.04	0.000	0.224
7051.46	0.000	0.223
7052.88	0.000	0.221
7054.29	0.000	0.219
7055.7	0.000	0.218
7057.12	0.000	0.216
7058.54	0.000	0.214
7059.95	0.000	0.213
7061.37	0.000	0.211
7062.78	0.000	0.209
7064.2	0.000	0.208
7065.61	0.000	0.206
7067.03	0.000	0.204
7068.44	0.000	0.203
7069.86	0.000	0.201
7071.27	0.000	0.200
7072.69	0.000	0.198
7074.1	0.000	0.196
7075.52	0.000	0.195
7076.93	0.000	0.193
7078.35	0.000	0.192
7079.76	0.000	0.190
7081.18	0.000	0.189
7082.59	0.000	0.187
7084.01	0.000	0.186
7085.43	0.000	0.184
7086.84	0.000	0.183
7088.26	0.000	0.181
7089.67	0.000	0.180
7091.09	0.000	0.178
7092.5	0.000	0.177
7093.92	0.000	0.175
7095.33	0.000	0.174
7096.75	0.000	0.172
7098.16	0.000	0.171
7099.58	0.000	0.169
7100.99	0.000	0.168
7102.41	0.000	0.167
7103.82	0.000	0.165
7105.24	0.000	0.164
7106.65	0.000	0.162
7108.07	0.000	0.161
7109.48	0.000	0.160
7110.9	0.000	0.158
7112.31	0.000	0.157
7113.73	0.000	0.156
7115.14	0.000	0.154
7116.56	0.000	0.153
7117.97	0.000	0.152
7119.39	0.000	0.150
7120.81	0.000	0.149
7122.22	0.000	0.148
7123.64	0.000	0.147
7125.05	0.000	0.145
7126.47	0.000	0.144
7127.88	0.000	0.143
7129.3	0.000	0.141
7130.71	0.000	0.140
7132.13	0.000	0.139
7133.54	0.000	0.138
7134.96	0.000	0.137
7136.37	0.000	0.135
7137.79	0.000	0.134
7139.2	0.000	0.133
7140.62	0.000	0.132
7142.03	0.000	0.131
7143.45	0.000	0.129
7144.86	0.000	0.128
7146.28	0.000	0.127
7147.69	0.000	0.126
7149.11	0.000	0.125
7150.52	0.000	0.124
7151.94	0.000	0.123
7153.36	0.000	0.121
7154.77	0.000	0.120
7156.19	0.000	0.119
7157.6	0.000	0.118
7159.02	0.000	0.117
7160.43	0.000	0.116
7161.85	0.000	0.115
7163.26	0.000	0.114
7164.68	0.000	0.113
7166.09	0.000	0.112
7167.51	0.000	0.111
7168.92	0.000	0.110
7170.34	0.000	0.109
7171.75	0.000	0.108
7173.17	0.000	0.107
7174.58	0.000	0.106
7176	0.000	0.105
7177.41	0.000	0.104
7178.83	0.000	0.103
7180.24	0.000	0.102
7181.66	0.000	0.101
7183.07	0.000	0.100
7184.49	0.000	0.099
7185.9	0.000	0.098
7187.32	0.000	0.097
7188.74	0.000	0.096
7190.15	0.000	0.095
7191.57	0.000	0.094
7192.98	0.000	0.093
7194.4	0.000	0.092
7195.81	0.000	0.092
7197.23	0.000	0.091
7198.64	0.000	0.090
7200.06	0.000	0.089
7201.47	0.000	0.088
7202.89	0.000	0.087
7204.3	0.000	0.086
7205.72	0.000	0.085
7207.13	0.000	0.085
7208.55	0.000	0.084
7209.96	0.000	0.083
7211.38	0.000	0.082
7212.79	0.000	0.081
7214.21	0.000	0.081
7215.62	0.000	0.080
7217.04	0.000	0.079
7218.45	0.000	0.078
7219.87	0.000	0.077
7221.28	0.000	0.077
7222.7	0.000	0.076
7224.11	0.000	0.075
7225.53	0.000	0.074
7226.94	0.000	0.074
7228.36	0.000	0.073
7229.78	0.000	0.072
7231.19	0.000	0.071
7232.61	0.000	0.071
7234.02	0.000	0.070
7235.44	0.000	0.069
7236.85	0.000	0.068
7238.27	0.000	0.068
7239.68	0.000	0.067
7241.1	0.000	0.066
7242.51	0.000	0.066
7243.93	0.000	0.065
7245.34	0.000	0.064
7246.76	0.000	0.064
7248.17	0.000	0.063
7249.59	0.000	0.062
7251	0.000	0.062
7252.42	0.000	0.061
7253.83	0.000	0.060
7255.25	0.000	0.060
7256.66	0.000	0.059
7258.08	0.000	0.059
7259.49	0.000	0.058
7260.91	0.000	0.057
7262.33	0.000	0.057
7263.74	0.000	0.056
7265.16	0.000	0.056
7266.57	0.000	0.055
7267.99	0.000	0.054
7269.4	0.000	0.054
7270.82	0.000	0.053
7272.23	0.000	0.053
7273.65	0.000	0.052
7275.06	0.000	0.051
7276.48	0.000	0.051
7277.89	0.000	0.050
7279.31	0.000	0.050
7280.72	0.000	0.049
7282.14	0.000	0.049
7283.55	0.000	0.048
7284.97	0.000	0.048
7286.38	0.000	0.047
7287.8	0.000	0.047
7289.22	0.000	0.046
7290.63	0.000	0.046
7292.05	0.000	0.045
7293.46	0.000	0.045
7294.88	0.000	0.044
7296.29	0.000	0.044
7297.71	0.000	0.043
7299.12	0.000	0.043
7300.54	0.000	0.042
7301.95	0.000	0.042
7303.37	0.000	0.041
7304.78	0.000	0.041
7306.2	0.000	0.040
7307.61	0.000	0.040
7309.03	0.000	0.039
7310.44	0.000	0.039
7311.86	0.000	0.039
7313.27	0.000	0.038
7314.69	0.000	0.038
7316.1	0.000	0.037
7317.52	0.000	0.037
7318.93	0.000	0.036
7320.35	0.000	0.036
7321.76	0.000	0.036
7323.18	0.000	0.035
7324.6	0.000	0.035
7326.01	0.000	0.034
7327.43	0.000	0.034
7328.84	0.000	0.034
7330.26	0.000	0.033
7331.67	0.000	0.033
7333.09	0.000	0.032
7334.5	0.000	0.032
7335.92	0.000	0.032
7337.33	0.000	0.031
7338.75	0.000	0.031
7340.16	0.000	0.031
7341.58	0.000	0.030
7342.99	0.000	0.030
7344.41	0.000	0.030
7345.82	0.000	0.029
7347.24	0.000	0.029
7348.65	0.000	0.029
7350.07	0.000	0.028
7351.48	0.000	0.028
7352.9	0.000	0.028
7354.31	0.000	0.027
7355.73	0.000	0.027
7357.15	0.000	0.027
7358.56	0.000	0.026
7359.98	0.000	0.026
7361.39	0.000	0.026
7362.81	0.000	0.025
7364.22	0.000	0.025
7365.64	0.000	0.025
7367.05	0.000	0.024
7368.47	0.000	0.024
7369.88	0.000	0.024
7371.3	0.000	0.024
7372.71	0.000	0.023
7374.13	0.000	0.023
7375.54	0.000	0.023
7376.96	0.000	0.022
7378.37	0.000	0.022
7379.79	0.000	0.022
7381.2	0.000	0.022
7382.62	0.000	0.021
7384.03	0.000	0.021
7385.45	0.000	0.021
7386.86	0.000	0.021
7388.28	0.000	0.020
7389.69	0.000	0.020
7391.11	0.000	0.020
7392.53	0.000	0.020
7393.94	0.000	0.019
7395.36	0.000	0.019
7396.77	0.000	0.019
7398.19	0.000	0.019
7399.6	0.000	0.018
7401.02	0.000	0.018
7402.43	0.000	0.018
7403.85	0.000	0.018
7405.26	0.000	0.017
7406.68	0.000	0.017
7408.09	0.000	0.017
7409.51	0.000	0.017
7410.92	0.000	0.017
7412.34	0.000	0.016
7413.75	0.000	0.016
7415.17	0.000	0.016
7416.58	0.000	0.016
7418	0.000	0.016
7419.41	0.000	0.015
7420.83	0.000	0.015
7422.24	0.000	0.015
7423.66	0.000	0.015
7425.07	0.000	0.015
7426.49	0.000	0.014
7427.9	0.000	0.014
7429.32	0.000	0.014
7430.74	0.000	0.014
7432.15	0.000	0.014
7433.57	0.000	0.014
7434.98	0.000	0.013
7436.4	0.000	0.013
7437.81	0.000	0.013
7439.23	0.000	0.013
7440.64	0.000	0.013
7442.06	0.000	0.012
7443.47	0.000	0.012
7444.89	0.000	0.012
7446.3	0.000	0.012
7447.72	0.000	0.012
7449.13	0.000	0.012
7450.55	0.000	0.012
7451.96	0.000	0.011
7453.38	0.000	0.011
7454.79	0.000	0.011
7456.21	0.000	0.011
7457.62	0.000	0.011
7459.04	0.000	0.011
7460.45	0.000	0.011
7461.87	0.000	0.010
7463.28	0.000	0.010
7464.7	0.000	0.010
7466.12	0.000	0.010
7467.53	0.000	0.010
7468.95	0.000	0.010
7470.36	0.000	0.010
7471.78	0.000	0.009
7473.19	0.000	0.009
7474.61	0.000	0.009
7476.02	0.000	0.009
7477.44	0.000	0.009
7478.85	0.000	0.009
7480.27	0.000	0.009
7481.68	0.000	0.009
7483.1	0.000	0.008
7484.51	0.000	0.008
7485.93	0.000	0.008
7487.34	0.000	0.008
7488.76	0.000	0.008
7490.17	0.000	0.008
7491.59	0.000	0.008
7493.01	0.000	0.008
7494.42	0.000	0.008
7495.84	0.000	0.007
7497.25	0.000	0.007
7498.66	0.000	0.007
7500.08	0.000	0.007
7501.5	0.000	0.007
7502.91	0.000	0.007
7504.33	0.000	0.007
7505.74	0.000	0.007
7507.16	0.000	0.007
7508.57	0.000	0.007
7509.99	0.000	0.006
7511.4	0.000	0.006
7512.82	0.000	0.006
7514.23	0.000	0.006
7515.65	0.000	0.006
7517.06	0.000	0.006
7518.48	0.000	0.006
7519.89	0.000	0.006
7521.31	0.000	0.006
7522.72	0.000	0.006
7524.14	0.000	0.006
7525.55	0.000	0.006
7526.97	0.000	0.005
7528.39	0.000	0.005
7529.8	0.000	0.005
7531.22	0.000	0.005
7532.63	0.000	0.005
7534.05	0.000	0.005
7535.46	0.000	0.005
7536.88	0.000	0.005
7538.29	0.000	0.005
7539.71	0.000	0.005
7541.12	0.000	0.005
7542.54	0.000	0.005
7543.95	0.000	0.005
7545.37	0.000	0.005
7546.78	0.000	0.004
7548.2	0.000	0.004
7549.61	0.000	0.004
7551.03	0.000	0.004
7552.44	0.000	0.004
7553.86	0.000	0.004
7555.27	0.000	0.004
7556.69	0.000	0.004
7558.1	0.000	0.004
7559.52	0.000	0.004
7560.94	0.000	0.004
7562.35	0.000	0.004
7563.77	0.000	0.004
7565.18	0.000	0.004
7566.6	0.000	0.004
7568.01	0.000	0.004
7569.43	0.000	0.004
7570.84	0.000	0.003
7572.26	0.000	0.003
7573.67	0.000	0.003
7575.09	0.000	0.003
7576.5	0.000	0.003
7577.92	0.000	0.003
7579.33	0.000	0.003
7580.75	0.000	0.003
7582.16	0.000	0.003
7583.58	0.000	0.003
7584.99	0.000	0.003
7586.41	0.000	0.003
7587.82	0.000	0.003
7589.24	0.000	0.003
7590.65	0.000	0.003
7592.07	0.000	0.003
7593.48	0.000	0.003
7594.9	0.000	0.003
7596.32	0.000	0.003
7597.73	0.000	0.003
7599.15	0.000	0.003
7600.56	0.000	0.003
7601.98	0.000	0.002
7603.39	0.000	0.002
7604.81	0.000	0.002
7606.22	0.000	0.002
7607.64	0.000	0.002
7609.05	0.000	0.002
7610.47	0.000	0.002
7611.88	0.000	0.002
7613.3	0.000	0.002
7614.71	0.000	0.002
7616.13	0.000	0.002
7617.54	0.000	0.002
7618.96	0.000	0.002
7620.37	0.000	0.002
7621.79	0.000	0.002
7623.2	0.000	0.002
7624.62	0.000	0.002
7626.03	0.000	0.002
7627.45	0.000	0.002
7628.86	0.000	0.002
7630.28	0.000	0.002
7631.69	0.000	0.002
7633.11	0.000	0.002
7634.53	0.000	0.002
7635.94	0.000	0.002
7637.36	0.000	0.002
7638.77	0.000	0.002
7640.19	0.000	0.002
7641.6	0.000	0.002
7643.02	0.000	0.002
7644.43	0.000	0.002
7645.85	0.000	0.002
7647.26	0.000	0.002
7648.68	0.000	0.001
7650.09	0.000	0.001
7651.51	0.000	0.001
7652.92	0.000	0.001
7654.34	0.000	0.001
7655.75	0.000	0.001
7657.17	0.000	0.001
7658.58	0.000	0.001
7660	0.000	0.001
7661.41	0.000	0.001
7662.83	0.000	0.001
7664.24	0.000	0.001
7665.66	0.000	0.001
7667.07	0.000	0.001
7668.49	0.000	0.001
7669.91	0.000	0.001
7671.32	0.000	0.001
7672.74	0.000	0.001
7674.15	0.000	0.001
7675.57	0.000	0.001
7676.98	0.000	0.001
7678.4	0.000	0.001
7679.81	0.000	0.001
7681.23	0.000	0.001
7682.64	0.000	0.001
7684.06	0.000	0.001
7685.47	0.000	0.001
7686.89	0.000	0.001
7688.3	0.000	0.001
7689.72	0.000	0.001
7691.13	0.000	0.001
7692.55	0.000	0.001
7693.96	0.000	0.001
7695.38	0.000	0.001
7696.8	0.000	0.001
7698.21	0.000	0.001
7699.62	0.000	0.001
7701.04	0.000	0.001
7702.45	0.000	0.001
7703.87	0.000	0.001
7705.29	0.000	0.001
7706.7	0.000	0.001
7708.12	0.000	0.001
7709.53	0.000	0.001
7710.95	0.000	0.001
7712.36	0.000	0.001
7713.78	0.000	0.001
7715.19	0.000	0.001
7716.61	0.000	0.001
7718.02	0.000	0.001
7719.44	0.000	0.001
7720.85	0.000	0.001
7722.27	0.000	0.001
7723.68	0.000	0.001
7725.1	0.000	0.001
7726.51	0.000	0.001
7727.93	0.000	0.001
7729.34	0.000	0.001
7730.76	0.000	0.001
7732.18	0.000	0.001
7733.59	0.000	0.001
7735.01	0.000	0.001
7736.42	0.000	0.001
7737.84	0.000	0.001
7739.25	0.000	0.001
7740.67	0.000	0.000
7742.08	0.000	0.000
7743.5	0.000	0.000
7744.91	0.000	0.000
7746.33	0.000	0.000
7747.74	0.000	0.000
7749.16	0.000	0.000
7750.57	0.000	0.000
7751.99	0.000	0.000
7753.4	0.000	0.000
7754.82	0.000	0.000
7756.23	0.000	0.000
7757.65	0.000	0.000
7759.06	0.000	0.000
7760.48	0.000	0.000
7761.89	0.000	0.000
7763.31	0.000	0.000
7764.73	0.000	0.000
7766.14	0.000	0.000
7767.56	0.000	0.000
7768.97	0.000	0.000
7770.39	0.000	0.000
7771.8	0.000	0.000
7773.22	0.000	0.000
7774.63	0.000	0.000
7776.05	0.000	0.000
7777.46	0.000	0.000
7778.88	0.000	0.000
7780.29	0.000	0.000
7781.71	0.000	0.000
7783.12	0.000	0.000
7784.54	0.000	0.000
7785.95	0.000	0.000
7787.37	0.000	0.000
7788.78	0.000	0.000
7790.2	0.000	0.000
7791.61	0.000	0.000
7793.03	0.000	0.000
7794.44	0.000	0.000
7795.86	0.000	0.000
7797.27	0.000	0.000
7798.69	0.000	0.000
7800.11	0.000	0.000
7801.52	0.000	0.000
7802.94	0.000	0.000
7804.35	0.000	0.000
7805.77	0.000	0.000
7807.18	0.000	0.000
7808.6	0.000	0.000
7810.01	0.000	0.000
7811.43	0.000	0.000
7812.84	0.000	0.000
7814.26	0.000	0.000
7815.67	0.000	0.000
7817.09	0.000	0.000
7818.5	0.000	0.000
7819.92	0.000	0.000
7821.33	0.000	0.000
7822.75	0.000	0.000
7824.16	0.000	0.000
7825.58	0.000	0.000
7826.99	0.000	0.000
7828.41	0.000	0.000
7829.82	0.000	0.000
7831.24	0.000	0.000
7832.65	0.000	0.000
7834.07	0.000	0.000
7835.49	0.000	0.000
7836.9	0.000	0.000
7838.32	0.000	0.000
7839.73	0.000	0.000
7841.15	0.000	0.000
7842.56	0.000	0.000
7843.98	0.000	0.000
7845.39	0.000	0.000
7846.81	0.000	0.000
7848.22	0.000	0.000
7849.64	0.000	0.000
7851.05	0.000	0.000
7852.47	0.000	0.000
7853.88	0.000	0.000
7855.3	0.000	0.000
7856.71	0.000	0.000
7858.13	0.000	0.000
7859.54	0.000	0.000
7860.96	0.000	0.000
7862.37	0.000	0.000
7863.79	0.000	0.000
7865.2	0.000	0.000
7866.62	0.000	0.000
7868.03	0.000	0.000
7869.45	0.000	0.000
7870.86	0.000	0.000
7872.28	0.000	0.000
7873.7	0.000	0.000
7875.11	0.000	0.000
7876.53	0.000	0.000
7877.94	0.000	0.000
7879.36	0.000	0.000
7880.77	0.000	0.000
7882.19	0.000	0.000
7883.6	0.000	0.000
7885.02	0.000	0.000
7886.43	0.000	0.000
7887.85	0.000	0.000
7889.26	0.000	0.000
7890.68	0.000	0.000
7892.09	0.000	0.000
7893.51	0.000	0.000
7894.92	0.000	0.000
7896.34	0.000	0.000
7897.75	0.000	0.000
7899.17	0.000	0.000
7900.59	0.000	0.000
7902	0.000	0.000
7903.41	0.000	0.000
7904.83	0.000	0.000
7906.24	0.000	0.000
7907.66	0.000	0.000
7909.08	0.000	0.000
7910.49	0.000	0.000
7911.91	0.000	0.000
7913.32	0.000	0.000
7914.74	0.000	0.000
7916.15	0.000	0.000
7917.57	0.000	0.000
7918.98	0.000	0.000
7920.4	0.000	0.000
7921.81	0.000	0.000
7923.23	0.000	0.000
7924.64	0.000	0.000
7926.06	0.000	0.000
7927.47	0.000	0.000
7928.89	0.000	0.000
7930.3	0.000	0.000
7931.72	0.000	0.000
7933.13	0.000	0.000
7934.55	0.000	0.000
7935.97	0.000	0.000
7937.38	0.000	0.000
7938.8	0.000	0.000
7940.21	0.000	0.000
7941.63	0.000	0.000
7943.04	0.000	0.000
7944.46	0.000	0.000
7945.87	0.000	0.000
7947.29	0.000	0.000
7948.7	0.000	0.000
7950.12	0.000	0.000
7951.53	0.000	0.000
7952.95	0.000	0.000
7954.36	0.000	0.000
7955.78	0.000	0.000
7957.19	0.000	0.000
7958.61	0.000	0.000
7960.02	0.000	0.000
7961.44	0.000	0.000
7962.85	0.000	0.000
7964.27	0.000	0.000
7965.68	0.000	0.000
7967.1	0.000	0.000
7968.52	0.000	0.000
7969.93	0.000	0.000
7971.35	0.000	0.000
7972.76	0.000	0.000
7974.18	0.000	0.000
7975.59	0.000	0.000
7977.01	0.000	0.000
7978.42	0.000	0.000
7979.84	0.000	0.000
7981.25	0.000	0.000
7982.67	0.000	0.000
7984.08	0.000	0.000
7985.5	0.000	0.000
7986.91	0.000	0.000
7988.33	0.000	0.000
7989.74	0.000	0.000
7991.16	0.000	0.000
7992.57	0.000	0.000
7993.99	0.000	0.000
7995.4	0.000	0.000
7996.82	0.000	0.000
7998.23	0.000	0.000
7999.65	0.000	0.000
8001.06	0.000	0.000
8002.48	0.000	0.000
8003.9	0.000	0.000
8005.31	0.000	0.000
8006.73	0.000	0.000
8008.14	0.000	0.000
8009.56	0.000	0.000
8010.97	0.000	0.000
8012.39	0.000	0.000
8013.8	0.000	0.000
8015.22	0.000	0.000
8016.63	0.000	0.000
8018.05	0.000	0.000
8019.46	0.000	0.000
8020.88	0.000	0.000
8022.29	0.000	0.000
8023.71	0.000	0.000
8025.12	0.000	0.000
8026.54	0.000	0.000
8027.95	0.000	0.000
8029.37	0.000	0.000
8030.78	0.000	0.000
8032.2	0.000	0.000
8033.61	0.000	0.000
8035.03	0.000	0.000
8036.45	0.000	0.000
8037.86	0.000	0.000
8039.28	0.000	0.000
8040.69	0.000	0.000
8042.11	0.000	0.000
8043.52	0.000	0.000
8044.94	0.000	0.000
8046.35	0.000	0.000
8047.77	0.000	0.000
8049.18	0.000	0.000
8050.6	0.000	0.000
8052.01	0.000	0.000
8053.43	0.000	0.000
8054.84	0.000	0.000
8056.26	0.000	0.000
8057.67	0.000	0.000
8059.09	0.000	0.000
8060.5	0.000	0.000
8061.92	0.000	0.000
8063.33	0.000	0.000
8064.75	0.000	0.000
8066.16	0.000	0.000
8067.58	0.000	0.000
8068.99	0.000	0.000
8070.41	0.000	0.000
8071.82	0.000	0.000
8073.24	0.000	0.000
8074.65	0.000	0.000
8076.07	0.000	0.000
8077.49	0.000	0.000
8078.9	0.000	0.000
8080.32	0.000	0.000
8081.73	0.000	0.000
8083.15	0.000	0.000
8084.56	0.000	0.000
8085.98	0.000	0.000
8087.39	0.000	0.000
8088.81	0.000	0.000
8090.22	0.000	0.000
8091.64	0.000	0.000
8093.05	0.000	0.000
8094.47	0.000	0.000
8095.88	0.000	0.000
8097.3	0.000	0.000
8098.71	0.000	0.000
8100.13	0.000	0.000
8101.54	0.000	0.000
8102.96	0.000	0.000
8104.38	0.000	0.000
8105.79	0.000	0.000
8107.2	0.000	0.000
8108.62	0.000	0.000
8110.03	0.000	0.000
8111.45	0.000	0.000
8112.87	0.000	0.000
8114.28	0.000	0.000
8115.7	0.000	0.000
8117.11	0.000	0.000
8118.53	0.000	0.000
8119.94	0.000	0.000
8121.36	0.000	0.000
8122.77	0.000	0.000
8124.19	0.000	0.000
8125.6	0.000	0.000
8127.02	0.000	0.000
8128.43	0.000	0.000
8129.85	0.000	0.000
8131.26	0.000	0.000
8132.68	0.000	0.000
8134.09	0.000	0.000
8135.51	0.000	0.000
8136.92	0.000	0.000
8138.34	0.000	0.000
8139.76	0.000	0.000
8141.17	0.000	0.000
8142.59	0.000	0.000
8144	0.000	0.000
8145.42	0.000	0.000
8146.83	0.000	0.000
8148.25	0.000	0.000
8149.66	0.000	0.000
8151.08	0.000	0.000
8152.49	0.000	0.000
8153.91	0.000	0.000
8155.32	0.000	0.000
8156.74	0.000	0.000
8158.15	0.000	0.000
8159.57	0.000	0.000
8160.98	0.000	0.000
8162.4	0.000	0.000
8163.81	0.000	0.000
8165.23	0.000	0.000
8166.64	0.000	0.000
8168.06	0.000	0.000
8169.47	0.000	0.000
8170.89	0.000	0.000
8172.31	0.000	0.000
8173.72	0.000	0.000
8175.14	0.000	0.000
8176.55	0.000	0.000
8177.97	0.000	0.000
8179.38	0.000	0.000
8180.8	0.000	0.000
8182.21	0.000	0.000
8183.63	0.000	0.000
8185.04	0.000	0.000
8186.46	0.000	0.000
8187.87	0.000	0.000
8189.29	0.000	0.000
8190.7	0.000	0.000
8192.12	0.000	0.000
8193.53	0.000	0.000
8194.95	0.000	0.000
8196.36	0.000	0.000
8197.78	0.000	0.000
8199.19	0.000	0.000
8200.61	0.000	0.000
8202.02	0.000	0.000
8203.44	0.000	0.000
8204.85	0.000	0.000
8206.27	0.000	0.000
8207.68	0.000	0.000
8209.1	0.000	0.000
8210.51	0.000	0.000
8211.93	0.000	0.000
8213.35	0.000	0.000
8214.76	0.000	0.000
8216.18	0.000	0.000
8217.59	0.000	0.000
8219.01	0.000	0.000
8220.42	0.000	0.000
8221.84	0.000	0.000
8223.25	0.000	0.000
8224.67	0.000	0.000
8226.08	0.000	0.000
8227.5	0.000	0.000
8228.91	0.000	0.000
8230.33	0.000	0.000
8231.74	0.000	0.000
8233.16	0.000	0.000
8234.57	0.000	0.000
8235.99	0.000	0.000
8237.4	0.000	0.000
8238.82	0.000	0.000
8240.24	0.000	0.000
8241.65	0.000	0.000
8243.07	0.000	0.000
8244.48	0.000	0.000
8245.9	0.000	0.000
8247.31	0.000	0.000
8248.73	0.000	0.000
8250.14	0.000	0.000
8251.56	0.000	0.000
8252.97	0.000	0.000
8254.39	0.000	0.000
8255.8	0.000	0.000
8257.22	0.000	0.000
8258.63	0.000	0.000
8260.05	0.000	0.000
8261.46	0.000	0.000
8262.88	0.000	0.000
8264.29	0.000	0.000
8265.71	0.000	0.000
8267.12	0.000	0.000
8268.54	0.000	0.000
8269.95	0.000	0.000
8271.37	0.000	0.000
8272.78	0.000	0.000
8274.2	0.000	0.000
8275.61	0.000	0.000
8277.03	0.000	0.000
8278.44	0.000	0.000
8279.86	0.000	0.000
8281.28	0.000	0.000
8282.69	0.000	0.000
8284.11	0.000	0.000
8285.52	0.000	0.000
8286.94	0.000	0.000
8288.35	0.000	0.000
8289.77	0.000	0.000
8291.18	0.000	0.000
8292.6	0.000	0.000
8294.01	0.000	0.000
8295.43	0.000	0.000
8296.84	0.000	0.000
8298.26	0.000	0.000
8299.67	0.000	0.000
8301.09	0.000	0.000
8302.5	0.000	0.000
8303.92	0.000	0.000
8305.33	0.000	0.000
8306.75	0.000	0.000
8308.17	0.000	0.000
8309.58	0.000	0.000
8311	0.000	0.000
8312.41	0.000	0.000
8313.83	0.000	0.000
8315.24	0.000	0.000
8316.66	0.000	0.000
8318.07	0.000	0.000
8319.49	0.000	0.000
8320.9	0.000	0.000
8322.32	0.000	0.000
8323.73	0.000	0.000
8325.15	0.000	0.000
8326.56	0.000	0.000
8327.98	0.000	0.000
8329.39	0.000	0.000
8330.81	0.000	0.000
8332.22	0.000	0.000
8333.64	0.000	0.000
8335.05	0.000	0.000
8336.47	0.000	0.000
8337.88	0.000	0.000
8339.3	0.000	0.000
8340.71	0.000	0.000
8342.13	0.000	0.000
8343.55	0.000	0.000
8344.96	0.000	0.000
8346.38	0.000	0.000
8347.79	0.000	0.000
8349.21	0.000	0.000
8350.62	0.000	0.000
8352.04	0.000	0.000
8353.45	0.000	0.000
8354.87	0.000	0.000
8356.28	0.000	0.000
8357.7	0.000	0.000
8359.11	0.000	0.000
8360.53	0.000	0.000
8361.94	0.000	0.000
8363.36	0.000	0.000
8364.77	0.000	0.000
8366.19	0.000	0.000
8367.6	0.000	0.000
8369.02	0.000	0.000
8370.43	0.000	0.000
8371.85	0.000	0.000
8373.26	0.000	0.000
8374.68	0.000	0.000
8376.09	0.000	0.000
8377.51	0.000	0.000
8378.92	0.000	0.000
8380.34	0.000	0.000
8381.76	0.000	0.000
8383.17	0.000	0.000
8384.59	0.000	0.000
8386	0.000	0.000
8387.42	0.000	0.000
8388.83	0.000	0.000
8390.25	0.000	0.000
8391.66	0.000	0.000
8393.08	0.000	0.000
8394.49	0.000	0.000
8395.91	0.000	0.000
8397.32	0.000	0.000
8398.74	0.000	0.000
8400.15	0.000	0.000
8401.57	0.000	0.000
8402.98	0.000	0.000
8404.4	0.000	0.000
8405.81	0.000	0.000
8407.23	0.000	0.000
8408.64	0.000	0.000
8410.06	0.000	0.000
8411.48	0.000	0.000
8412.89	0.000	0.000
8414.31	0.000	0.000
8415.72	0.000	0.000
8417.14	0.000	0.000
8418.55	0.000	0.000
8419.97	0.000	0.000
8421.38	0.000	0.000
8422.8	0.000	0.000
8424.21	0.000	0.000
8425.63	0.000	0.000
8427.04	0.000	0.000
8428.46	0.000	0.000
8429.87	0.000	0.000
8431.29	0.000	0.000
8432.7	0.000	0.000
8434.12	0.000	0.000
8435.53	0.000	0.000
8436.95	0.000	0.000
8438.36	0.000	0.000
8439.78	0.000	0.000
8441.19	0.000	0.000
8442.61	0.000	0.000
8444.02	0.000	0.000
8445.44	0.000	0.000
8446.85	0.000	0.000
8448.27	0.000	0.000
8449.68	0.000	0.000
8451.1	0.000	0.000
8452.52	0.000	0.000
8453.93	0.000	0.000
8455.35	0.000	0.000
8456.76	0.000	0.000
8458.18	0.000	0.000
8459.59	0.000	0.000
8461.01	0.000	0.000
8462.42	0.000	0.000
8463.84	0.000	0.000
8465.25	0.000	0.000
8466.67	0.000	0.000
8468.08	0.000	0.000
8469.5	0.000	0.000
8470.91	0.000	0.000
8472.33	0.000	0.000
8473.74	0.000	0.000
8475.16	0.000	0.000
8476.57	0.000	0.000
8477.99	0.000	0.000
8479.41	0.000	0.000
8480.82	0.000	0.000
8482.24	0.000	0.000
8483.65	0.000	0.000
8485.07	0.000	0.000
8486.48	0.000	0.000
8487.9	0.000	0.000
8489.31	0.000	0.000
8490.73	0.000	0.000
8492.14	0.000	0.000
8493.56	0.000	0.000
8494.97	0.000	0.000
8496.39	0.000	0.000
8497.8	0.000	0.000
8499.22	0.000	0.000
8500.63	0.000	0.000
8502.05	0.000	0.000
8503.46	0.000	0.000
8504.88	0.000	0.000
8506.29	0.000	0.000
8507.71	0.000	0.000
8509.12	0.000	0.000
8510.54	0.000	0.000
8511.95	0.000	0.000
8513.37	0.000	0.000
8514.78	0.000	0.000
8516.2	0.000	0.000
8517.61	0.000	0.000
8519.03	0.000	0.000
8520.45	0.000	0.000
8521.86	0.000	0.000
8523.28	0.000	0.000
8524.69	0.000	0.000
8526.11	0.000	0.000
8527.52	0.000	0.000
8528.94	0.000	0.000
8530.35	0.000	0.000
8531.77	0.000	0.000
8533.18	0.000	0.000
8534.6	0.000	0.000
8536.01	0.000	0.000
8537.43	0.000	0.000
8538.84	0.000	0.000
8540.26	0.000	0.000
8541.67	0.000	0.000
8543.09	0.000	0.000
8544.5	0.000	0.000
8545.92	0.000	0.000
8547.34	0.000	0.000
8548.75	0.000	0.000
8550.17	0.000	0.000
8551.58	0.000	0.000
8553	0.000	0.000
8554.41	0.000	0.000
8555.83	0.000	0.000
8557.24	0.000	0.000
8558.66	0.000	0.000
8560.07	0.000	0.000
8561.49	0.000	0.000
8562.9	0.000	0.000
8564.32	0.000	0.000
8565.73	0.000	0.000
8567.15	0.000	0.000
8568.56	0.000	0.000
8569.98	0.000	0.000
8571.39	0.000	0.000
8572.81	0.000	0.000
8574.22	0.000	0.000
8575.64	0.000	0.000
8577.05	0.000	0.000
8578.47	0.000	0.000
8579.89	0.000	0.000
8581.3	0.000	0.000
8582.72	0.000	0.000
8584.13	0.000	0.000
8585.55	0.000	0.000
8586.96	0.000	0.000
8588.38	0.000	0.000
8589.79	0.000	0.000
8591.21	0.000	0.000
8592.62	0.000	0.000
8594.04	0.000	0.000
8595.45	0.000	0.000
8596.87	0.000	0.000
8598.28	0.000	0.000
8599.7	0.000	0.000
8601.11	0.000	0.000
8602.53	0.000	0.000
8603.94	0.000	0.000
8605.36	0.000	0.000
8606.77	0.000	0.000
8608.19	0.000	0.000
8609.6	0.000	0.000
8611.02	0.000	0.000
8612.43	0.000	0.000
8613.85	0.000	0.000
8615.26	0.000	0.000
8616.68	0.000	0.000
8618.09	0.000	0.000
8619.51	0.000	0.000
8620.93	0.000	0.000
8622.34	0.000	0.000
8623.76	0.000	0.000
8625.17	0.000	0.000
8626.59	0.000	0.000
8628	0.000	0.000
8629.42	0.000	0.000
8630.83	0.000	0.000
8632.25	0.000	0.000
8633.66	0.000	0.000
8635.08	0.000	0.000
8636.49	0.000	0.000
8637.91	0.000	0.000
8639.32	0.000	0.000
8640.74	0.000	0.000
8642.15	0.000	0.000
8643.57	0.000	0.000
8644.98	0.000	0.000
8646.4	0.000	0.000
8647.82	0.000	0.000
8649.23	0.000	0.000
8650.65	0.000	0.000
8652.06	0.000	0.000
8653.48	0.000	0.000
8654.89	0.000	0.000
8656.31	0.000	0.000
8657.72	0.000	0.000
8659.14	0.000	0.000
8660.55	0.000	0.000
8661.97	0.000	0.000
8663.38	0.000	0.000
8664.8	0.000	0.000
8666.21	0.000	0.000
8667.63	0.000	0.000
8669.04	0.000	0.000
8670.46	0.000	0.000
8671.87	0.000	0.000
8673.29	0.000	0.000
8674.7	0.000	0.000
8676.12	0.000	0.000
8677.53	0.000	0.000
8678.95	0.000	0.000
8680.36	0.000	0.000
8681.78	0.000	0.000
8683.19	0.000	0.000
8684.61	0.000	0.000
8686.02	0.000	0.000
8687.44	0.000	0.000
8688.86	0.000	0.000
8690.27	0.000	0.000
8691.69	0.000	0.000
8693.1	0.000	0.000
8694.52	0.000	0.000
8695.93	0.000	0.000
8697.35	0.000	0.000
8698.76	0.000	0.000
8700.18	0.000	0.000
8701.59	0.000	0.000
8703.01	0.000	0.000
8704.42	0.000	0.000
8705.84	0.000	0.000
8707.25	0.000	0.000
8708.67	0.000	0.000
8710.08	0.000	0.000
8711.5	0.000	0.000
8712.91	0.000	0.000
8714.33	0.000	0.000
8715.75	0.000	0.000
8717.16	0.000	0.000
8718.58	0.000	0.000
8719.99	0.000	0.000
8721.41	0.000	0.000
8722.82	0.000	0.000
8724.24	0.000	0.000
8725.65	0.000	0.000
8727.07	0.000	0.000
8728.48	0.000	0.000
8729.9	0.000	0.000
8731.31	0.000	0.000
8732.73	0.000	0.000
8734.14	0.000	0.000
8735.56	0.000	0.000
8736.97	0.000	0.000
8738.39	0.000	0.000
8739.8	0.000	0.000
8741.22	0.000	0.000
8742.63	0.000	0.000
8744.05	0.000	0.000
8745.46	0.000	0.000
8746.88	0.000	0.000
8748.29	0.000	0.000
8749.71	0.000	0.000
8751.12	0.000	0.000
8752.54	0.000	0.000
8753.95	0.000	0.000
8755.37	0.000	0.000
8756.79	0.000	0.000
8758.2	0.000	0.000
8759.62	0.000	0.000
8761.03	0.000	0.000
8762.45	0.000	0.000
8763.86	0.000	0.000
8765.28	0.000	0.000
8766.69	0.000	0.000
8768.11	0.000	0.000
8769.52	0.000	0.000
8770.94	0.000	0.000
8772.35	0.000	0.000
8773.77	0.000	0.000
8775.18	0.000	0.000
8776.6	0.000	0.000
8778.01	0.000	0.000
8779.43	0.000	0.000
8780.84	0.000	0.000
8782.26	0.000	0.000
8783.68	0.000	0.000
8785.09	0.000	0.000
8786.51	0.000	0.000
8787.92	0.000	0.000
8789.34	0.000	0.000
8790.75	0.000	0.000
8792.17	0.000	0.000
8793.58	0.000	0.000
8795	0.000	0.000
8796.41	0.000	0.000
8797.83	0.000	0.000
8799.24	0.000	0.000
8800.66	0.000	0.000
8802.07	0.000	0.000
8803.49	0.000	0.000
8804.9	0.000	0.000
8806.32	0.000	0.000
8807.73	0.000	0.000
8809.15	0.000	0.000
8810.56	0.000	0.000
8811.98	0.000	0.000
8813.39	0.000	0.000
8814.81	0.000	0.000
8816.22	0.000	0.000
8817.64	0.000	0.000
8819.06	0.000	0.000
8820.47	0.000	0.000
8821.89	0.000	0.000
8823.3	0.000	0.000
8824.72	0.000	0.000
8826.13	0.000	0.000
8827.55	0.000	0.000
8828.96	0.000	0.000
8830.38	0.000	0.000
8831.79	0.000	0.000
8833.21	0.000	0.000
8834.62	0.000	0.000
8836.04	0.000	0.000
8837.45	0.000	0.000
8838.87	0.000	0.000
8840.28	0.000	0.000
8841.7	0.000	0.000
8843.11	0.000	0.000
8844.53	0.000	0.000
8845.94	0.000	0.000
8847.36	0.000	0.000
8848.77	0.000	0.000
8850.19	0.000	0.000
8851.6	0.000	0.000
8853.02	0.000	0.000
8854.43	0.000	0.000
8855.85	0.000	0.000
8857.26	0.000	0.000
8858.68	0.000	0.000
8860.1	0.000	0.000
8861.51	0.000	0.000
8862.93	0.000	0.000
8864.34	0.000	0.000
8865.76	0.000	0.000
8867.17	0.000	0.000
8868.59	0.000	0.000
8870	0.000	0.000
8871.42	0.000	0.000
8872.83	0.000	0.000
8874.25	0.000	0.000
8875.66	0.000	0.000
8877.08	0.000	0.000
8878.49	0.000	0.000
8879.91	0.000	0.000
8881.32	0.000	0.000
8882.74	0.000	0.000
8884.15	0.000	0.000
8885.57	0.000	0.000
8886.99	0.000	0.000
8888.4	0.000	0.000
8889.82	0.000	0.000
8891.23	0.000	0.000
8892.65	0.000	0.000
8894.06	0.000	0.000
8895.48	0.000	0.000
8896.89	0.000	0.000
8898.31	0.000	0.000
8899.72	0.000	0.000
8901.14	0.000	0.000
8902.55	0.000	0.000
8903.97	0.000	0.000
8905.38	0.000	0.000
8906.8	0.000	0.000
8908.21	0.000	0.000
8909.63	0.000	0.000
8911.04	0.000	0.000
8912.46	0.000	0.000
8913.87	0.000	0.000
8915.29	0.000	0.000
8916.7	0.000	0.000
8918.12	0.000	0.000
8919.53	0.000	0.000
8920.95	0.000	0.000
8922.36	0.000	0.000
8923.78	0.000	0.000
8925.19	0.000	0.000
8926.61	0.000	0.000
8928.03	0.000	0.000
8929.44	0.000	0.000
8930.86	0.000	0.000
8932.27	0.000	0.000
8933.69	0.000	0.000
8935.1	0.000	0.000
8936.52	0.000	0.000
8937.93	0.000	0.000
8939.35	0.000	0.000
8940.76	0.000	0.000
8942.18	0.000	0.000
8943.59	0.000	0.000
8945.01	0.000	0.000
8946.42	0.000	0.000
8947.84	0.000	0.000
8949.25	0.000	0.000
8950.67	0.000	0.000
8952.08	0.000	0.000
8953.5	0.000	0.000
8954.92	0.000	0.000
8956.33	0.000	0.000
8957.75	0.000	0.000
8959.16	0.000	0.000
8960.58	0.000	0.000
8961.99	0.000	0.000
8963.41	0.000	0.000
8964.82	0.000	0.000
8966.24	0.000	0.000
8967.65	0.000	0.000
8969.07	0.000	0.000
8970.48	0.000	0.000
8971.9	0.000	0.000
8973.31	0.000	0.000
8974.73	0.000	0.000
8976.14	0.000	0.000
8977.56	0.000	0.000
8978.97	0.000	0.000
8980.39	0.000	0.000
8981.8	0.000	0.000
8983.22	0.000	0.000
8984.63	0.000	0.000
8986.05	0.000	0.000
8987.47	0.000	0.000
8988.88	0.000	0.000
8990.3	0.000	0.000
8991.71	0.000	0.000
8993.12	0.000	0.000
8994.54	0.000	0.000
8995.96	0.000	0.000
8997.37	0.000	0.000
8998.79	0.000	0.000
9000.2	0.000	0.000
9001.62	0.000	0.000
9003.03	0.000	0.000
9004.45	0.000	0.000
9005.86	0.000	0.000
9007.28	0.000	0.000
9008.69	0.000	0.000
9010.11	0.000	0.000
9011.52	0.000	0.000
9012.94	0.000	0.000
9014.35	0.000	0.000
9015.77	0.000	0.000
9017.18	0.000	0.000
9018.6	0.000	0.000
9020.01	0.000	0.000
9021.43	0.000	0.000
9022.84	0.000	0.000
9024.26	0.000	0.000
9025.68	0.000	0.000
9027.09	0.000	0.000
9028.51	0.000	0.000
9029.92	0.000	0.000
9031.34	0.000	0.000
9032.75	0.000	0.000
9034.17	0.000	0.000
9035.58	0.000	0.000
9037	0.000	0.000
9038.41	0.000	0.000
9039.83	0.000	0.000
9041.24	0.000	0.000
9042.66	0.000	0.000
9044.07	0.000	0.000
9045.49	0.000	0.000
9046.9	0.000	0.000
9048.32	0.000	0.000
9049.73	0.000	0.000
9051.15	0.000	0.000
9052.56	0.000	0.000
9053.98	0.000	0.000
9055.4	0.000	0.000
9056.81	0.000	0.000
9058.23	0.000	0.000
9059.64	0.000	0.000
9061.06	0.000	0.000
9062.47	0.000	0.000
9063.89	0.000	0.000
9065.3	0.000	0.000
9066.72	0.000	0.000
9068.13	0.000	0.000
9069.55	0.000	0.000
9070.96	0.000	0.000
9072.38	0.000	0.000
9073.79	0.000	0.000
9075.21	0.000	0.000
9076.62	0.000	0.000
9078.04	0.000	0.000
9079.45	0.000	0.000
9080.87	0.000	0.000
9082.28	0.000	0.000
9083.7	0.000	0.000
9085.11	0.000	0.000
9086.53	0.000	0.000
9087.94	0.000	0.000
9089.36	0.000	0.000
9090.77	0.000	0.000
9092.19	0.000	0.000
9093.6	0.000	0.000
9095.02	0.000	0.000
9096.44	0.000	0.000
9097.85	0.000	0.000
9099.27	0.000	0.000
9100.68	0.000	0.000
9102.1	0.000	0.000
9103.51	0.000	0.000
9104.93	0.000	0.000
9106.34	0.000	0.000
9107.76	0.000	0.000
9109.17	0.000	0.000
9110.59	0.000	0.000
9112	0.000	0.000
9113.42	0.000	0.000
9114.83	0.000	0.000
9116.25	0.000	0.000
9117.66	0.000	0.000
9119.08	0.000	0.000
9120.49	0.000	0.000
9121.91	0.000	0.000
9123.33	0.000	0.000
9124.74	0.000	0.000
9126.16	0.000	0.000
9127.57	0.000	0.000
9128.99	0.000	0.000
9130.4	0.000	0.000
9131.82	0.000	0.000
9133.23	0.000	0.000
9134.65	0.000	0.000
9136.06	0.000	0.000
9137.48	0.000	0.000
9138.89	0.000	0.000
9140.31	0.000	0.000
9141.72	0.000	0.000
9143.14	0.000	0.000
9144.55	0.000	0.000
9145.97	0.000	0.000
9147.38	0.000	0.000
9148.8	0.000	0.000
9150.21	0.000	0.000
9151.63	0.000	0.000
9153.04	0.000	0.000
9154.46	0.000	0.000
9155.87	0.000	0.000
9157.29	0.000	0.000
9158.7	0.000	0.000
9160.12	0.000	0.000
9161.53	0.000	0.000
9162.95	0.000	0.000
9164.37	0.000	0.000
9165.78	0.000	0.000
9167.2	0.000	0.000
9168.61	0.000	0.000
9170.03	0.000	0.000
9171.44	0.000	0.000
9172.86	0.000	0.000
9174.27	0.000	0.000
9175.69	0.000	0.000
9177.1	0.000	0.000
9178.52	0.000	0.000
9179.93	0.000	0.000
9181.35	0.000	0.000
9182.76	0.000	0.000
9184.18	0.000	0.000
9185.59	0.000	0.000
9187.01	0.000	0.000
9188.42	0.000	0.000
9189.84	0.000	0.000
9191.26	0.000	0.000
9192.67	0.000	0.000
9194.09	0.000	0.000
9195.5	0.000	0.000
9196.92	0.000	0.000
9198.33	0.000	0.000
9199.75	0.000	0.000
9201.16	0.000	0.000
9202.58	0.000	0.000
9203.99	0.000	0.000
9205.41	0.000	0.000
9206.82	0.000	0.000
9208.24	0.000	0.000
9209.65	0.000	0.000
9211.07	0.000	0.000
9212.48	0.000	0.000
9213.9	0.000	0.000
9215.31	0.000	0.000
9216.73	0.000	0.000
9218.14	0.000	0.000
9219.56	0.000	0.000
9220.97	0.000	0.000
9222.39	0.000	0.000
9223.8	0.000	0.000
9225.22	0.000	0.000
9226.64	0.000	0.000
9228.05	0.000	0.000
9229.47	0.000	0.000
9230.88	0.000	0.000
9232.3	0.000	0.000
9233.71	0.000	0.000
9235.13	0.000	0.000
9236.54	0.000	0.000
9237.96	0.000	0.000
9239.37	0.000	0.000
9240.79	0.000	0.000
9242.2	0.000	0.000
9243.62	0.000	0.000
9245.03	0.000	0.000
9246.45	0.000	0.000
9247.86	0.000	0.000
9249.28	0.000	0.000
9250.69	0.000	0.000
9252.11	0.000	0.000
9253.52	0.000	0.000
9254.94	0.000	0.000
9256.35	0.000	0.000
9257.77	0.000	0.000
9259.18	0.000	0.000
9260.6	0.000	0.000
9262.01	0.000	0.000
9263.43	0.000	0.000
9264.84	0.000	0.000
9266.26	0.000	0.000
9267.68	0.000	0.000
9269.09	0.000	0.000
9270.51	0.000	0.000
9271.92	0.000	0.000
9273.34	0.000	0.000
9274.75	0.000	0.000
9276.17	0.000	0.000
9277.58	0.000	0.000
9279	0.000	0.000
9280.41	0.000	0.000
9281.83	0.000	0.000
9283.24	0.000	0.000
9284.66	0.000	0.000
9286.07	0.000	0.000
9287.49	0.000	0.000
9288.9	0.000	0.000
9290.32	0.000	0.000
9291.73	0.000	0.000
9293.15	0.000	0.000
9294.57	0.000	0.000
9295.98	0.000	0.000
9297.4	0.000	0.000
9298.81	0.000	0.000
9300.23	0.000	0.000
9301.64	0.000	0.000
9303.06	0.000	0.000
9304.47	0.000	0.000
9305.89	0.000	0.000
9307.3	0.000	0.000
9308.72	0.000	0.000
9310.13	0.000	0.000
9311.55	0.000	0.000
9312.96	0.000	0.000
9314.38	0.000	0.000
9315.79	0.000	0.000
9317.21	0.000	0.000
9318.62	0.000	0.000
9320.04	0.000	0.000
9321.45	0.000	0.000
9322.87	0.000	0.000
9324.28	0.000	0.000
9325.7	0.000	0.000
9327.11	0.000	0.000
9328.53	0.000	0.000
9329.94	0.000	0.000
9331.36	0.000	0.000
9332.77	0.000	0.000
9334.19	0.000	0.000
9335.61	0.000	0.000
9337.02	0.000	0.000
9338.44	0.000	0.000
9339.85	0.000	0.000
9341.27	0.000	0.000
9342.68	0.000	0.000
9344.1	0.000	0.000
9345.51	0.000	0.000
9346.93	0.000	0.000
9348.34	0.000	0.000
9349.76	0.000	0.000
9351.17	0.000	0.000
9352.59	0.000	0.000
9354	0.000	0.000
9355.42	0.000	0.000
9356.83	0.000	0.000
9358.25	0.000	0.000
9359.66	0.000	0.000
9361.08	0.000	0.000
9362.5	0.000	0.000
9363.91	0.000	0.000
9365.33	0.000	0.000
9366.74	0.000	0.000
9368.16	0.000	0.000
9369.57	0.000	0.000
9370.99	0.000	0.000
9372.4	0.000	0.000
9373.82	0.000	0.000
9375.23	0.000	0.000
9376.65	0.000	0.000
9378.06	0.000	0.000
9379.48	0.000	0.000
9380.89	0.000	0.000
9382.31	0.000	0.000
9383.72	0.000	0.000
9385.14	0.000	0.000
9386.55	0.000	0.000
9387.97	0.000	0.000
9389.38	0.000	0.000
9390.8	0.000	0.000
9392.21	0.000	0.000
9393.63	0.000	0.000
9395.05	0.000	0.000
9396.46	0.000	0.000
9397.88	0.000	0.000
9399.29	0.000	0.000
9400.7	0.000	0.000
9402.12	0.000	0.000
9403.54	0.000	0.000
9404.95	0.000	0.000
9406.37	0.000	0.000
9407.78	0.000	0.000
9409.2	0.000	0.000
9410.61	0.000	0.000
9412.03	0.000	0.000
9413.44	0.000	0.000
9414.86	0.000	0.000
9416.27	0.000	0.000
9417.69	0.000	0.000
9419.1	0.000	0.000
9420.52	0.000	0.000
9421.93	0.000	0.000
9423.35	0.000	0.000
9424.76	0.000	0.000
9426.18	0.000	0.000
9427.59	0.000	0.000
9429.01	0.000	0.000
9430.43	0.000	0.000
9431.84	0.000	0.000
9433.26	0.000	0.000
9434.67	0.000	0.000
9436.09	0.000	0.000
9437.5	0.000	0.000
9438.92	0.000	0.000
9440.33	0.000	0.000
9441.75	0.000	0.000
9443.16	0.000	0.000
9444.58	0.000	0.000
9445.99	0.000	0.000
9447.41	0.000	0.000
9448.82	0.000	0.000
9450.24	0.000	0.000
9451.65	0.000	0.000
9453.07	0.000	0.000
9454.48	0.000	0.000
9455.9	0.000	0.000
9457.31	0.000	0.000
9458.73	0.000	0.000
9460.14	0.000	0.000
9461.56	0.000	0.000
9462.98	0.000	0.000
9464.39	0.000	0.000
9465.81	0.000	0.000
9467.22	0.000	0.000
9468.64	0.000	0.000
9470.05	0.000	0.000
9471.47	0.000	0.000
9472.88	0.000	0.000
9474.3	0.000	0.000
9475.71	0.000	0.000
9477.13	0.000	0.000
9478.54	0.000	0.000
9479.96	0.000	0.000
9481.37	0.000	0.000
9482.79	0.000	0.000
9484.2	0.000	0.000
9485.62	0.000	0.000
9487.03	0.000	0.000
9488.45	0.000	0.000
9489.86	0.000	0.000
9491.28	0.000	0.000
9492.69	0.000	0.000
9494.11	0.000	0.000
9495.52	0.000	0.000
9496.94	0.000	0.000
9498.35	0.000	0.000
9499.77	0.000	0.000
9501.18	0.000	0.000
9502.6	0.000	0.000
9504.02	0.000	0.000
9505.43	0.000	0.000
9506.85	0.000	0.000
9508.26	0.000	0.000
9509.68	0.000	0.000
9511.09	0.000	0.000
9512.51	0.000	0.000
9513.92	0.000	0.000
9515.34	0.000	0.000
9516.75	0.000	0.000
9518.17	0.000	0.000
9519.58	0.000	0.000
9521	0.000	0.000
9522.41	0.000	0.000
9523.83	0.000	0.000
9525.24	0.000	0.000
9526.66	0.000	0.000
9528.07	0.000	0.000
9529.49	0.000	0.000
9530.91	0.000	0.000
9532.32	0.000	0.000
9533.74	0.000	0.000
9535.15	0.000	0.000
9536.57	0.000	0.000
9537.98	0.000	0.000
9539.4	0.000	0.000
9540.81	0.000	0.000
9542.23	0.000	0.000
9543.64	0.000	0.000
9545.06	0.000	0.000
9546.47	0.000	0.000
9547.89	0.000	0.000
9549.3	0.000	0.000
9550.72	0.000	0.000
9552.13	0.000	0.000
9553.55	0.000	0.000
9554.96	0.000	0.000
9556.38	0.000	0.000
9557.79	0.000	0.000
9559.21	0.000	0.000
9560.62	0.000	0.000
9562.04	0.000	0.000
9563.45	0.000	0.000
9564.87	0.000	0.000
9566.28	0.000	0.000
9567.7	0.000	0.000
9569.11	0.000	0.000
9570.53	0.000	0.000
9571.95	0.000	0.000
9573.36	0.000	0.000
9574.78	0.000	0.000
9576.19	0.000	0.000
9577.61	0.000	0.000
9579.02	0.000	0.000
9580.44	0.000	0.000
9581.85	0.000	0.000
9583.27	0.000	0.000
9584.68	0.000	0.000
9586.1	0.000	0.000
9587.51	0.000	0.000
9588.93	0.000	0.000
9590.34	0.000	0.000
9591.76	0.000	0.000
9593.17	0.000	0.000
9594.59	0.000	0.000
9596	0.000	0.000
9597.42	0.000	0.000
9598.84	0.000	0.000
9600.25	0.000	0.000
9601.67	0.000	0.000
9603.08	0.000	0.000
9604.5	0.000	0.000
9605.91	0.000	0.000
9607.33	0.000	0.000
9608.74	0.000	0.000
9610.16	0.000	0.000
9611.57	0.000	0.000
9612.99	0.000	0.000
9614.4	0.000	0.000
9615.82	0.000	0.000
9617.23	0.000	0.000
9618.65	0.000	0.000
9620.06	0.000	0.000
9621.48	0.000	0.000
9622.89	0.000	0.000
9624.31	0.000	0.000
9625.72	0.000	0.000
9627.14	0.000	0.000
9628.55	0.000	0.000
9629.97	0.000	0.000
9631.38	0.000	0.000
9632.8	0.000	0.000
9634.22	0.000	0.000
9635.63	0.000	0.000
9637.05	0.000	0.000
9638.46	0.000	0.000
9639.88	0.000	0.000
9641.29	0.000	0.000
9642.71	0.000	0.000
9644.12	0.000	0.000
9645.54	0.000	0.000
9646.95	0.000	0.000
9648.37	0.000	0.000
9649.78	0.000	0.000
9651.2	0.000	0.000
9652.61	0.000	0.000
9654.03	0.000	0.000
9655.44	0.000	0.000
9656.86	0.000	0.000
9658.27	0.000	0.000
9659.69	0.000	0.000
9661.1	0.000	0.000
9662.52	0.000	0.000
9663.93	0.000	0.000
9665.35	0.000	0.000
9666.76	0.000	0.000
9668.18	0.000	0.000
9669.59	0.000	0.000
9671.01	0.000	0.000
9672.43	0.000	0.000
9673.84	0.000	0.000
9675.26	0.000	0.000
9676.67	0.000	0.000
9678.09	0.000	0.000
9679.5	0.000	0.000
9680.92	0.000	0.000
9682.33	0.000	0.000
9683.75	0.000	0.000
9685.16	0.000	0.000
9686.58	0.000	0.000
9687.99	0.000	0.000
9689.41	0.000	0.000
9690.82	0.000	0.000
9692.24	0.000	0.000
9693.65	0.000	0.000
9695.07	0.000	0.000
9696.48	0.000	0.000
9697.9	0.000	0.000
9699.31	0.000	0.000
9700.73	0.000	0.000
9702.15	0.000	0.000
9703.56	0.000	0.000
9704.98	0.000	0.000
9706.39	0.000	0.000
9707.81	0.000	0.000
9709.22	0.000	0.000
9710.64	0.000	0.000
9712.05	0.000	0.000
9713.47	0.000	0.000
9714.88	0.000	0.000
9716.3	0.000	0.000
9717.71	0.000	0.000
9719.13	0.000	0.000
9720.54	0.000	0.000
9721.96	0.000	0.000
9723.37	0.000	0.000
9724.79	0.000	0.000
9726.2	0.000	0.000
9727.62	0.000	0.000
9729.03	0.000	0.000
9730.45	0.000	0.000
9731.86	0.000	0.000
9733.28	0.000	0.000
9734.69	0.000	0.000
9736.11	0.000	0.000
9737.52	0.000	0.000
9738.94	0.000	0.000
9740.35	0.000	0.000
9741.77	0.000	0.000
9743.19	0.000	0.000
9744.6	0.000	0.000
9746.02	0.000	0.000
9747.43	0.000	0.000
9748.85	0.000	0.000
9750.26	0.000	0.000
9751.68	0.000	0.000
9753.09	0.000	0.000
9754.51	0.000	0.000
9755.92	0.000	0.000
9757.34	0.000	0.000
9758.75	0.000	0.000
9760.17	0.000	0.000
9761.58	0.000	0.000
9763	0.000	0.000
9764.41	0.000	0.000
9765.83	0.000	0.000
9767.24	0.000	0.000
9768.66	0.000	0.000
9770.08	0.000	0.000
9771.49	0.000	0.000
9772.91	0.000	0.000
9774.32	0.000	0.000
9775.74	0.000	0.000
9777.15	0.000	0.000
9778.57	0.000	0.000
9779.98	0.000	0.000
9781.4	0.000	0.000
9782.81	0.000	0.000
9784.23	0.000	0.000
9785.64	0.000	0.000
9787.06	0.000	0.000
9788.47	0.000	0.000
9789.89	0.000	0.000
9791.3	0.000	0.000
9792.72	0.000	0.000
9794.13	0.000	0.000
9795.55	0.000	0.000
9796.96	0.000	0.000
9798.38	0.000	0.000
9799.79	0.000	0.000
9801.21	0.000	0.000
9802.62	0.000	0.000
9804.04	0.000	0.000
9805.45	0.000	0.000
9806.87	0.000	0.000
9808.28	0.000	0.000
9809.7	0.000	0.000
9811.12	0.000	0.000
9812.53	0.000	0.000
9813.95	0.000	0.000
9815.36	0.000	0.000
9816.78	0.000	0.000
9818.19	0.000	0.000
9819.61	0.000	0.000
9821.02	0.000	0.000
9822.44	0.000	0.000
9823.85	0.000	0.000
9825.27	0.000	0.000
9826.68	0.000	0.000
9828.1	0.000	0.000
9829.51	0.000	0.000
9830.93	0.000	0.000
9832.34	0.000	0.000
9833.76	0.000	0.000
9835.17	0.000	0.000
9836.59	0.000	0.000
9838.01	0.000	0.000
9839.42	0.000	0.000
9840.84	0.000	0.000
9842.25	0.000	0.000
9843.67	0.000	0.000
9845.08	0.000	0.000
9846.5	0.000	0.000
9847.91	0.000	0.000
9849.33	0.000	0.000
9850.74	0.000	0.000
9852.16	0.000	0.000
9853.57	0.000	0.000
9854.99	0.000	0.000
9856.4	0.000	0.000
9857.82	0.000	0.000
9859.23	0.000	0.000
9860.65	0.000	0.000
9862.06	0.000	0.000
9863.48	0.000	0.000
9864.89	0.000	0.000
9866.31	0.000	0.000
9867.72	0.000	0.000
9869.14	0.000	0.000
9870.56	0.000	0.000
9871.97	0.000	0.000
9873.39	0.000	0.000
9874.8	0.000	0.000
9876.22	0.000	0.000
9877.63	0.000	0.000
9879.05	0.000	0.000
9880.46	0.000	0.000
9881.88	0.000	0.000
9883.29	0.000	0.000
9884.71	0.000	0.000
9886.12	0.000	0.000
9887.54	0.000	0.000
9888.95	0.000	0.000
9890.37	0.000	0.000
9891.78	0.000	0.000
9893.2	0.000	0.000
9894.61	0.000	0.000
9896.03	0.000	0.000
9897.44	0.000	0.000
9898.86	0.000	0.000
9900.27	0.000	0.000
9901.69	0.000	0.000
9903.1	0.000	0.000
9904.52	0.000	0.000
9905.93	0.000	0.000
9907.35	0.000	0.000
9908.76	0.000	0.000
9910.18	0.000	0.000
9911.6	0.000	0.000
9913.01	0.000	0.000
9914.43	0.000	0.000
9915.84	0.000	0.000
9917.26	0.000	0.000
9918.67	0.000	0.000
9920.09	0.000	0.000
9921.5	0.000	0.000
9922.92	0.000	0.000
9924.33	0.000	0.000
9925.75	0.000	0.000
9927.16	0.000	0.000
9928.58	0.000	0.000
9929.99	0.000	0.000
9931.41	0.000	0.000
9932.82	0.000	0.000
9934.24	0.000	0.000
9935.65	0.000	0.000
9937.07	0.000	0.000
9938.49	0.000	0.000
9939.9	0.000	0.000
9941.32	0.000	0.000
9942.73	0.000	0.000
9944.15	0.000	0.000
9945.56	0.000	0.000
9946.98	0.000	0.000
9948.39	0.000	0.000
9949.81	0.000	0.000
9951.22	0.000	0.000
9952.64	0.000	0.000
9954.05	0.000	0.000
9955.47	0.000	0.000
9956.88	0.000	0.000
9958.3	0.000	0.000
9959.71	0.000	0.000
9961.13	0.000	0.000
9962.54	0.000	0.000
9963.96	0.000	0.000
9965.37	0.000	0.000
9966.79	0.000	0.000
9968.2	0.000	0.000
9969.62	0.000	0.000
9971.03	0.000	0.000
9972.45	0.000	0.000
9973.86	0.000	0.000
9975.28	0.000	0.000
9976.69	0.000	0.000
9978.11	0.000	0.000
9979.53	0.000	0.000
9980.94	0.000	0.000
9982.36	0.000	0.000
9983.77	0.000	0.000
9985.19	0.000	0.000
9986.6	0.000	0.000
9988.02	0.000	0.000
9989.43	0.000	0.000
9990.85	0.000	0.000
9992.26	0.000	0.000
9993.68	0.000	0.000
9995.09	0.000	0.000
9996.51	0.000	0.000
9997.92	0.000	0.000
9999.34	0.000	0.000
10000.8	0.000	0.000
10002.2	0.000	0.000
10003.6	0.000	0.000
10005	0.000	0.000
10006.4	0.000	0.000
10007.8	0.000	0.000
10009.2	0.000	0.000
10010.7	0.000	0.000
10012.1	0.000	0.000
10013.5	0.000	0.000
10014.9	0.000	0.000
10016.3	0.000	0.000
10017.7	0.000	0.000
10019.2	0.000	0.000
10020.6	0.000	0.000
10022	0.000	0.000
10023.4	0.000	0.000
10024.8	0.000	0.000
10026.2	0.000	0.000
10027.6	0.000	0.000
10029.1	0.000	0.000
10030.5	0.000	0.000
10031.9	0.000	0.000
10033.3	0.000	0.000
10034.7	0.000	0.000
10036.1	0.000	0.000
10037.5	0.000	0.000
10039	0.000	0.000
10040.4	0.000	0.000
10041.8	0.000	0.000
10043.2	0.000	0.000
10044.6	0.000	0.000
10046	0.000	0.000
10047.5	0.000	0.000
10048.9	0.000	0.000
10050.3	0.000	0.000
10051.7	0.000	0.000
10053.1	0.000	0.000
10054.5	0.000	0.000
10055.9	0.000	0.000
10057.4	0.000	0.000
10058.8	0.000	0.000
10060.2	0.000	0.000
10061.6	0.000	0.000
10063	0.000	0.000
10064.4	0.000	0.000
10065.9	0.000	0.000
10067.3	0.000	0.000
10068.7	0.000	0.000
10070.1	0.000	0.000
10071.5	0.000	0.000
10072.9	0.000	0.000
10074.3	0.000	0.000
10075.8	0.000	0.000
10077.2	0.000	0.000
10078.6	0.000	0.000
10080	0.000	0.000
10081.4	0.000	0.000
10082.8	0.000	0.000
10084.3	0.000	0.000
10085.7	0.000	0.000
10087.1	0.000	0.000
10088.5	0.000	0.000
10089.9	0.000	0.000
10091.3	0.000	0.000
10092.7	0.000	0.000
10094.2	0.000	0.000
10095.6	0.000	0.000
10097	0.000	0.000
10098.4	0.000	0.000
10099.8	0.000	0.000
10101.2	0.000	0.000
10102.6	0.000	0.000
10104.1	0.000	0.000
10105.5	0.000	0.000
10106.9	0.000	0.000
10108.3	0.000	0.000
10109.7	0.000	0.000
10111.1	0.000	0.000
10112.6	0.000	0.000
10114	0.000	0.000
10115.4	0.000	0.000
10116.8	0.000	0.000
10118.2	0.000	0.000
10119.6	0.000	0.000
10121	0.000	0.000
10122.5	0.000	0.000
10123.9	0.000	0.000
10125.3	0.000	0.000
10126.7	0.000	0.000
10128.1	0.000	0.000
10129.5	0.000	0.000
10131	0.000	0.000
10132.4	0.000	0.000
10133.8	0.000	0.000
10135.2	0.000	0.000
10136.6	0.000	0.000
10138	0.000	0.000
10139.4	0.000	0.000
10140.9	0.000	0.000
10142.3	0.000	0.000
10143.7	0.000	0.000
10145.1	0.000	0.000
10146.5	0.000	0.000
10147.9	0.000	0.000
10149.4	0.000	0.000
10150.8	0.000	0.000
10152.2	0.000	0.000
10153.6	0.000	0.000
10155	0.000	0.000
10156.4	0.000	0.000
10157.8	0.000	0.000
10159.3	0.000	0.000
10160.7	0.000	0.000
10162.1	0.000	0.000
10163.5	0.000	0.000
10164.9	0.000	0.000
10166.3	0.000	0.000
10167.7	0.000	0.000
10169.2	0.000	0.000
10170.6	0.000	0.000
10172	0.000	0.000
10173.4	0.000	0.000
10174.8	0.000	0.000
10176.2	0.000	0.000
10177.7	0.000	0.000
10179.1	0.000	0.000
10180.5	0.000	0.000
10181.9	0.000	0.000
10183.3	0.000	0.000
10184.7	0.000	0.000
10186.1	0.000	0.000
10187.6	0.000	0.000
10189	0.000	0.000
10190.4	0.000	0.000
10191.8	0.000	0.000
10193.2	0.000	0.000
10194.6	0.000	0.000
10196.1	0.000	0.000
10197.5	0.000	0.000
10198.9	0.000	0.000
10200.3	0.000	0.000
10201.7	0.000	0.000
10203.1	0.000	0.000
10204.5	0.000	0.000
10206	0.000	0.000
10207.4	0.000	0.000
10208.8	0.000	0.000
10210.2	0.000	0.000
10211.6	0.000	0.000
10213	0.000	0.000
10214.5	0.000	0.000
10215.9	0.000	0.000
10217.3	0.000	0.000
10218.7	0.000	0.000
10220.1	0.000	0.000
