3826.2	3.55884
3827.62	3.33373
3829.03	3.04117
3830.45	2.82987
3831.86	2.69707
3833.28	2.58166
3834.69	2.4732
3836.11	2.49258
3837.52	2.53398
3838.94	2.58519
3840.35	2.71611
3841.77	2.86121
3843.18	3.00374
3844.6	3.19295
3846.01	3.35486
3847.43	3.48101
3848.84	3.57539
3850.26	3.66482
3851.67	3.81765
3853.09	3.87206
3854.5	3.84094
3855.92	3.91723
3857.33	3.9924
3858.75	3.98077
3860.16	3.98339
3861.58	3.97051
3862.99	3.91219
3864.41	3.89087
3865.83	3.83761
3867.24	3.76318
3868.66	3.70691
3870.07	3.60568
3871.49	3.49376
3872.9	3.34546
3874.32	3.22766
3875.73	3.05528
3877.15	2.90532
3878.56	2.70598
3879.98	2.53499
3881.39	2.34331
3882.81	2.20226
3884.22	2.03891
3885.64	1.9156
3887.05	1.81275
3888.47	1.76321
3889.88	1.79178
3891.3	1.87706
3892.72	1.94898
3894.13	2.08724
3895.55	2.27441
3896.96	2.46987
3898.38	2.62445
3899.79	2.81605
3901.21	2.96756
3902.62	3.13917
3904.04	3.24921
3905.45	3.36298
3906.87	3.48822
3908.28	3.57488
3909.7	3.65155
3911.11	3.7125
3912.53	3.74099
3913.94	3.78345
3915.36	3.83526
3916.77	3.87874
3918.19	3.89203
3919.6	3.90616
3921.02	3.92751
3922.43	3.92948
3923.85	3.92267
3925.26	3.90955
3926.68	3.87533
3928.1	3.84267
3929.51	3.84265
3930.93	3.79548
3932.34	3.72601
3933.76	3.72685
3935.17	3.75767
3936.59	3.78401
3938	3.79638
3939.42	3.81311
3940.83	3.85979
3942.25	3.87099
3943.66	3.85125
3945.08	3.84087
3946.49	3.81134
3947.91	3.77012
3949.32	3.70778
3950.74	3.63116
3952.15	3.56729
3953.57	3.48066
3954.98	3.37121
3956.4	3.22489
3957.81	3.08813
3959.23	2.91937
3960.64	2.73805
3962.06	2.52296
3963.47	2.30555
3964.89	2.09524
3966.31	1.93194
3967.72	1.76885
3969.14	1.64552
3970.55	1.61821
3971.97	1.67103
3973.38	1.79162
3974.8	1.96315
3976.21	2.17686
3977.63	2.39284
3979.04	2.61707
3980.46	2.83328
3981.87	3.01185
3983.29	3.16849
3984.7	3.32739
3986.12	3.45256
3987.53	3.56336
3988.95	3.67364
3990.36	3.7622
3991.78	3.8371
3993.19	3.89312
3994.61	3.95337
3996.03	3.98943
3997.44	4.00739
3998.86	4.04715
4000.27	4.07108
4001.69	4.09733
4003.1	4.11233
4004.52	4.13212
4005.93	4.15319
4007.35	4.16389
4008.76	4.17541
4010.18	4.18472
4011.59	4.19783
4013.01	4.21732
4014.42	4.22161
4015.84	4.2387
4017.25	4.25979
4018.67	4.26015
4020.08	4.26264
4021.5	4.24395
4022.91	4.24544
4024.33	4.24286
4025.74	4.24662
4027.16	4.24992
4028.58	4.26484
4029.99	4.26803
4031.41	4.25628
4032.82	4.27337
4034.24	4.28667
4035.65	4.30695
4037.07	4.31102
4038.48	4.32269
4039.9	4.33396
4041.31	4.3311
4042.73	4.32301
4044.14	4.31439
4045.56	4.29597
4046.97	4.2881
4048.39	4.29028
4049.8	4.30783
4051.22	4.31966
4052.63	4.31594
4054.05	4.31278
4055.46	4.30774
4056.88	4.30495
4058.29	4.30123
4059.71	4.30509
4061.12	4.29772
4062.54	4.26935
4063.95	4.25394
4065.37	4.252
4066.79	4.25538
4068.2	4.24196
4069.62	4.23108
4071.03	4.20229
4072.45	4.17215
4073.86	4.14048
4075.28	4.11933
4076.69	4.0868
4078.11	4.04986
4079.52	4.01048
4080.94	3.96859
4082.35	3.9121
4083.77	3.83663
4085.18	3.76338
4086.6	3.66956
4088.01	3.56209
4089.43	3.42886
4090.84	3.27656
4092.26	3.1186
4093.67	2.93759
4095.09	2.72196
4096.51	2.49873
4097.92	2.25269
4099.34	1.99419
4100.75	1.76066
4102.16	1.60709
4103.58	1.61727
4105	1.77869
4106.41	2.016
4107.83	2.26897
4109.24	2.51557
4110.66	2.73474
4112.07	2.94282
4113.49	3.14021
4114.9	3.31038
4116.32	3.45365
4117.73	3.58277
4119.15	3.6929
4120.56	3.79306
4121.98	3.87894
4123.39	3.9439
4124.81	4.01004
4126.22	4.05469
4127.64	4.07421
4129.05	4.08582
4130.47	4.10489
4131.89	4.1179
4133.3	4.15465
4134.72	4.2139
4136.13	4.25469
4137.55	4.28017
4138.96	4.2912
4140.38	4.308
4141.79	4.31722
4143.21	4.31295
4144.62	4.29233
4146.04	4.307
4147.45	4.32004
4148.87	4.34381
4150.28	4.34306
4151.7	4.34408
4153.11	4.33908
4154.53	4.3375
4155.94	4.33695
4157.36	4.34263
4158.77	4.34843
4160.19	4.34903
4161.6	4.33841
4163.02	4.31554
4164.44	4.30763
4165.85	4.31467
4167.27	4.33087
4168.68	4.33178
4170.1	4.32827
4171.51	4.30822
4172.93	4.2664
4174.34	4.23921
4175.76	4.26799
4177.17	4.28638
4178.59	4.26262
4180	4.24837
4181.42	4.27247
4182.83	4.30078
4184.25	4.30786
4185.66	4.31022
4187.08	4.3062
4188.49	4.30679
4189.91	4.3085
4191.32	4.30601
4192.74	4.31052
4194.15	4.31808
4195.57	4.34822
4196.98	4.35975
4198.4	4.27943
4199.82	4.2702
4201.23	4.28434
4202.65	4.2786
4204.06	4.27637
4205.48	4.30193
4206.89	4.30969
4208.31	4.30967
4209.72	4.31237
4211.14	4.29804
4212.55	4.30432
4213.97	4.29645
4215.38	4.28586
4216.8	4.27081
4218.21	4.28959
4219.63	4.30093
4221.04	4.28795
4222.46	4.28717
4223.87	4.27946
4225.29	4.26623
4226.7	4.23391
4228.12	4.20446
4229.53	4.24379
4230.95	4.27845
4232.36	4.25272
4233.78	4.18588
4235.19	4.19099
4236.61	4.2374
4238.02	4.25902
4239.44	4.25623
4240.86	4.24761
4242.27	4.24295
4243.69	4.24188
4245.1	4.24841
4246.52	4.22716
4247.93	4.19387
4249.35	4.2026
4250.76	4.20663
4252.18	4.19741
4253.59	4.20954
4255.01	4.20595
4256.42	4.21018
4257.84	4.21623
4259.25	4.19454
4260.67	4.16474
4262.08	4.13846
4263.5	4.15945
4264.91	4.17849
4266.33	4.17908
4267.74	4.16562
4269.16	4.14278
4270.57	4.11257
4271.99	4.07242
4273.41	4.03896
4274.82	4.0731
4276.24	4.08326
4277.65	4.09049
4279.07	4.09213
4280.48	4.08892
4281.9	4.07899
4283.31	4.05594
4284.73	4.0394
4286.14	4.05165
4287.56	4.04784
4288.97	4.01538
4290.39	3.98279
4291.8	3.98202
4293.22	3.99622
4294.63	3.96936
4296.05	3.96111
4297.46	3.9679
4298.88	3.9543
4300.3	3.90266
4301.71	3.87836
4303.12	3.87623
4304.54	3.89234
4305.95	3.92462
4307.37	3.89692
4308.79	3.84244
4310.2	3.85746
4311.62	3.88421
4313.03	3.83174
4314.45	3.76877
4315.86	3.74174
4317.28	3.75301
4318.69	3.73793
4320.11	3.67735
4321.52	3.61664
4322.94	3.56118
4324.35	3.48084
4325.77	3.37319
4327.18	3.25641
4328.6	3.18451
4330.01	3.06652
4331.43	2.92548
4332.84	2.76261
4334.26	2.59669
4335.68	2.40281
4337.09	2.19651
4338.51	1.96363
4339.92	1.72841
4341.34	1.57258
4342.75	1.72443
4344.17	1.98058
4345.58	2.19739
4347	2.40063
4348.41	2.59387
4349.83	2.75507
4351.24	2.88307
4352.66	2.9912
4354.07	3.14989
4355.49	3.28531
4356.9	3.39045
4358.32	3.47379
4359.73	3.54546
4361.15	3.6093
4362.56	3.66762
4363.98	3.72792
4365.39	3.76403
4366.81	3.79494
4368.23	3.81224
4369.64	3.82648
4371.06	3.86659
4372.47	3.90107
4373.89	3.9227
4375.3	3.92634
4376.72	3.94831
4378.13	3.98366
4379.55	4.00126
4380.96	4.01138
4382.38	4.00668
4383.79	3.95702
4385.21	3.89976
4386.62	3.9502
4388.04	4.00276
4389.45	4.03941
4390.87	4.03503
4392.28	4.02791
4393.7	4.05113
4395.11	4.01008
4396.53	3.98985
4397.94	4.08547
4399.36	4.11334
4400.77	4.09028
4402.19	4.12937
4403.61	4.1376
4405.02	4.10496
4406.44	4.09748
4407.85	4.12182
4409.27	4.14525
4410.68	4.14071
4412.1	4.1369
4413.51	4.15346
4414.93	4.12637
4416.34	4.07578
4417.76	4.03762
4419.17	4.07145
4420.59	4.13332
4422	4.14078
4423.42	4.13118
4424.83	4.13148
4426.25	4.12474
4427.66	4.11635
4429.08	4.11319
4430.49	4.10767
4431.91	4.10908
4433.32	4.10791
4434.74	4.08964
4436.15	4.08297
4437.57	4.08718
4438.98	4.09367
4440.4	4.09582
4441.82	4.08975
4443.23	4.03742
4444.65	3.98149
4446.06	4.00546
4447.48	4.04547
4448.89	4.02901
4450.31	4.02868
4451.72	4.00112
4453.14	4.01701
4454.55	4.02724
4455.97	4.00214
4457.38	4.00535
4458.8	4.00629
4460.21	4.00383
4461.63	3.98776
4463.04	3.984
4464.46	3.97019
4465.87	3.96297
4467.29	3.95372
4468.7	3.90355
4470.12	3.87126
4471.53	3.89736
4472.95	3.90091
4474.36	3.90834
4475.78	3.91779
4477.2	3.91312
4478.61	3.89539
4480.03	3.86159
4481.44	3.62835
4482.86	3.59952
4484.27	3.8084
4485.69	3.8862
4487.1	3.88647
4488.52	3.86591
4489.93	3.83699
4491.35	3.82826
4492.76	3.84107
4494.18	3.85991
4495.59	3.86838
4497.01	3.86488
4498.42	3.87038
4499.84	3.86254
4501.25	3.82746
4502.67	3.81129
4504.09	3.85004
4505.5	3.85847
4506.91	3.86728
4508.33	3.83387
4509.74	3.80334
4511.16	3.86666
4512.58	3.86374
4513.99	3.86266
4515.41	3.84737
4516.82	3.8179
4518.24	3.85736
4519.65	3.86046
4521.07	3.81887
4522.48	3.81471
4523.9	3.79361
4525.31	3.85826
4526.73	3.88638
4528.14	3.87427
4529.56	3.85887
4530.97	3.87353
4532.39	3.87465
4533.8	3.82538
4535.22	3.80007
4536.63	3.86599
4538.05	3.90345
4539.47	3.88564
4540.88	3.8691
4542.3	3.85715
4543.71	3.8723
4545.13	3.88141
4546.54	3.86292
4547.96	3.85607
4549.37	3.75875
4550.79	3.68837
4552.2	3.7968
4553.62	3.85406
4555.03	3.81259
4556.45	3.77068
4557.86	3.77499
4559.28	3.78449
4560.69	3.78837
4562.11	3.82698
4563.52	3.80434
4564.94	3.76708
4566.35	3.79451
4567.77	3.80638
4569.18	3.81347
4570.6	3.79098
4572.02	3.75835
4573.43	3.71285
4574.85	3.7551
4576.26	3.75831
4577.68	3.74215
4579.09	3.74709
4580.51	3.73002
4581.92	3.73079
4583.34	3.68598
4584.75	3.62797
4586.17	3.69058
4587.58	3.70448
4589	3.71183
4590.41	3.68974
4591.83	3.67664
4593.24	3.68727
4594.66	3.69378
4596.07	3.68787
4597.49	3.68592
4598.9	3.68712
4600.32	3.68593
4601.73	3.68238
4603.15	3.67996
4604.56	3.67371
4605.98	3.66875
4607.4	3.67299
4608.81	3.67825
4610.23	3.68147
4611.64	3.67622
4613.06	3.66732
4614.47	3.6622
4615.89	3.65586
4617.3	3.64835
4618.72	3.63246
4620.13	3.62192
4621.55	3.63429
4622.96	3.65507
4624.38	3.66294
4625.79	3.65815
4627.21	3.64307
4628.62	3.6353
4630.04	3.60706
4631.45	3.62496
4632.87	3.64163
4634.28	3.62967
4635.7	3.6167
4637.11	3.62436
4638.53	3.6446
4639.94	3.6401
4641.36	3.64704
4642.78	3.65608
4644.19	3.65123
4645.61	3.64539
4647.02	3.64288
4648.44	3.65339
4649.85	3.6457
4651.27	3.65193
4652.68	3.65807
4654.1	3.65031
4655.51	3.65155
4656.93	3.64708
4658.34	3.64289
4659.76	3.65318
4661.17	3.64784
4662.59	3.64442
4664	3.64698
4665.42	3.6331
4666.83	3.62053
4668.25	3.62045
4669.66	3.62302
4671.08	3.61897
4672.49	3.62326
4673.91	3.62343
4675.32	3.6181
4676.74	3.63258
4678.15	3.62599
4679.57	3.61702
4680.99	3.62268
4682.4	3.6198
4683.82	3.62029
4685.23	3.61466
4686.65	3.61447
4688.06	3.61182
4689.48	3.61515
4690.89	3.61021
4692.31	3.61127
4693.72	3.59734
4695.14	3.60248
4696.55	3.59817
4697.97	3.59221
4699.38	3.59275
4700.8	3.5946
4702.21	3.57432
4703.63	3.56138
4705.04	3.56804
4706.46	3.57672
4707.88	3.57294
4709.29	3.57573
4710.7	3.57384
4712.12	3.57249
4713.53	3.56762
4714.95	3.56151
4716.37	3.57366
4717.78	3.56667
4719.2	3.56214
4720.61	3.56708
4722.03	3.56171
4723.44	3.56045
4724.86	3.56299
4726.27	3.56358
4727.69	3.55751
4729.1	3.55468
4730.52	3.5524
4731.93	3.54182
4733.35	3.54498
4734.76	3.55763
4736.18	3.54975
4737.59	3.54694
4739.01	3.54724
4740.42	3.54658
4741.84	3.5457
4743.26	3.5506
4744.67	3.54454
4746.09	3.54188
4747.5	3.5405
4748.92	3.54602
4750.33	3.54779
4751.75	3.54375
4753.16	3.54016
4754.58	3.54366
4755.99	3.53752
4757.41	3.54325
4758.82	3.53777
4760.24	3.53074
4761.65	3.52396
4763.07	3.50805
4764.48	3.50366
4765.9	3.50904
4767.31	3.51337
4768.73	3.51278
4770.14	3.50659
4771.56	3.49026
4772.97	3.48943
4774.39	3.4981
4775.81	3.49804
4777.22	3.49775
4778.64	3.49988
4780.05	3.49584
4781.47	3.49507
4782.88	3.49645
4784.3	3.49174
4785.71	3.49038
4787.13	3.4894
4788.54	3.48376
4789.96	3.47946
4791.37	3.47895
4792.79	3.47597
4794.2	3.47673
4795.62	3.47217
4797.03	3.46219
4798.45	3.46026
4799.86	3.45721
4801.28	3.45405
4802.69	3.44827
4804.11	3.43827
4805.52	3.43373
4806.94	3.43319
4808.35	3.43906
4809.77	3.43246
4811.19	3.42538
4812.6	3.41904
4814.02	3.42211
4815.43	3.41462
4816.85	3.40737
4818.26	3.40556
4819.68	3.39537
4821.09	3.39077
4822.51	3.36875
4823.92	3.34228
4825.34	3.33852
4826.75	3.34109
4828.17	3.33874
4829.58	3.32732
4831	3.30395
4832.41	3.28563
4833.83	3.26956
4835.24	3.24651
4836.66	3.21962
4838.07	3.19285
4839.49	3.15595
4840.9	3.11515
4842.32	3.07827
4843.73	3.0302
4845.15	2.969
4846.57	2.90063
4847.98	2.82951
4849.4	2.75209
4850.81	2.67304
4852.23	2.58354
4853.64	2.47625
4855.06	2.35754
4856.47	2.22916
4857.89	2.0854
4859.3	1.91881
4860.72	1.7874
4862.13	1.77827
4863.55	1.91239
4864.96	2.08466
4866.38	2.23011
4867.79	2.3577
4869.21	2.46624
4870.62	2.56472
4872.04	2.65754
4873.45	2.73537
4874.87	2.80691
4876.28	2.87405
4877.7	2.92139
4879.11	2.97974
4880.53	3.02621
4881.94	3.05806
4883.36	3.09551
4884.78	3.12
4886.19	3.14453
4887.61	3.16825
4889.02	3.17649
4890.44	3.18753
4891.85	3.20322
4893.27	3.21749
4894.68	3.2398
4896.1	3.24564
4897.51	3.24955
4898.93	3.26095
4900.34	3.26644
4901.76	3.2728
4903.17	3.27346
4904.59	3.28121
4906	3.28582
4907.42	3.28734
4908.83	3.28548
4910.25	3.28454
4911.66	3.28682
4913.08	3.2883
4914.49	3.29237
4915.91	3.28963
4917.32	3.29105
4918.74	3.27799
4920.16	3.25744
4921.57	3.24617
4922.99	3.23465
4924.4	3.23169
4925.82	3.25649
4927.23	3.29138
4928.65	3.29031
4930.06	3.28616
4931.48	3.27971
4932.89	3.27565
4934.31	3.27293
4935.72	3.28177
4937.14	3.28408
4938.55	3.28326
4939.97	3.286
4941.38	3.28683
4942.8	3.2826
4944.21	3.28669
4945.63	3.28443
4947.05	3.27917
4948.46	3.27612
4949.88	3.279
4951.29	3.27654
4952.71	3.26923
4954.12	3.26202
4955.54	3.25397
4956.95	3.2483
4958.37	3.24742
4959.78	3.26038
4961.2	3.26128
4962.61	3.25522
4964.03	3.26725
4965.44	3.25754
4966.86	3.24409
4968.27	3.24748
4969.69	3.24874
4971.1	3.25263
4972.52	3.25828
4973.93	3.25884
4975.35	3.25135
4976.76	3.25468
4978.18	3.24959
4979.6	3.24306
4981.01	3.24211
4982.43	3.2387
4983.84	3.23212
4985.26	3.23332
4986.67	3.23749
4988.09	3.23338
4989.5	3.2328
4990.92	3.22252
4992.33	3.23355
4993.75	3.23292
4995.16	3.2326
4996.58	3.22505
4997.99	3.21364
4999.41	3.20977
5000.82	3.20319
5002.24	3.19547
5003.65	3.20086
5005.07	3.20698
5006.48	3.19936
5007.9	3.19726
5009.31	3.19948
5010.73	3.1941
5012.14	3.1881
5013.56	3.18302
5014.98	3.16679
5016.39	3.14563
5017.81	3.13171
5019.22	3.12412
5020.64	3.14302
5022.05	3.16915
5023.47	3.16781
5024.88	3.16808
5026.3	3.17362
5027.71	3.16858
5029.13	3.16362
5030.54	3.16645
5031.96	3.16593
5033.37	3.16115
5034.79	3.15308
5036.2	3.14045
5037.62	3.13137
5039.03	3.1252
5040.45	3.12796
5041.86	3.12825
5043.28	3.13821
5044.69	3.14645
5046.11	3.15273
5047.53	3.14439
5048.94	3.14254
5050.36	3.1434
5051.77	3.13196
5053.19	3.12674
5054.6	3.12434
5056.02	3.1231
5057.43	3.12527
5058.85	3.13798
5060.26	3.14458
5061.68	3.14571
5063.09	3.14879
5064.51	3.14494
5065.92	3.13965
5067.34	3.13562
5068.75	3.13557
5070.17	3.13985
5071.58	3.13909
5073	3.13651
5074.41	3.13583
5075.83	3.13428
5077.24	3.13429
5078.66	3.13641
5080.07	3.1345
5081.49	3.13126
5082.9	3.13287
5084.32	3.13521
5085.73	3.13866
5087.15	3.13559
5088.57	3.13415
5089.98	3.13612
5091.4	3.13323
5092.81	3.12945
5094.23	3.13417
5095.64	3.13255
5097.06	3.13253
5098.47	3.1309
5099.89	3.12504
5101.3	3.12151
5102.72	3.1251
5104.13	3.13025
5105.55	3.13145
5106.96	3.13252
5108.38	3.13429
5109.79	3.13044
5111.21	3.1284
5112.62	3.12685
5114.04	3.12482
5115.45	3.12545
5116.87	3.12717
5118.28	3.1268
5119.7	3.12479
5121.11	3.1227
5122.53	3.11972
5123.95	3.11437
5125.36	3.11177
5126.78	3.11187
5128.19	3.11016
5129.61	3.10946
5131.02	3.10921
5132.44	3.10602
5133.85	3.10222
5135.27	3.09992
5136.68	3.10089
5138.1	3.1022
5139.51	3.09892
5140.93	3.09618
5142.34	3.09418
5143.76	3.09411
5145.17	3.09188
5146.59	3.09267
5148	3.08981
5149.42	3.09069
5150.84	3.08656
5152.25	3.08085
5153.66	3.07842
5155.08	3.07623
5156.5	3.07049
5157.91	3.06865
5159.33	3.06888
5160.74	3.06744
5162.16	3.06739
5163.57	3.06273
5164.99	3.04791
5166.4	3.01749
5167.82	2.98023
5169.23	2.9644
5170.65	2.96789
5172.06	2.97427
5173.48	2.99267
5174.89	3.01176
5176.31	3.02493
5177.72	3.03323
5179.14	3.03479
5180.55	3.02738
5181.97	3.00473
5183.39	2.98242
5184.8	2.97866
5186.22	2.98674
5187.63	2.99459
5189.05	2.99866
5190.46	3.00068
5191.88	3.00243
5193.29	3.003
5194.71	3.00161
5196.12	2.9935
5197.54	2.97857
5198.95	2.9763
5200.37	2.98349
5201.78	2.98954
5203.2	2.98741
5204.61	2.98489
5206.03	2.98321
5207.44	2.97774
5208.86	2.97631
5210.27	2.97607
5211.69	2.97419
5213.1	2.97307
5214.52	2.97106
5215.93	2.96828
5217.35	2.96411
5218.77	2.96258
5220.18	2.96435
5221.6	2.96461
5223.01	2.95885
5224.43	2.95137
5225.84	2.93881
5227.26	2.93288
5228.67	2.93594
5230.09	2.94007
5231.5	2.93607
5232.92	2.92199
5234.33	2.91083
5235.75	2.9096
5237.16	2.91398
5238.58	2.9253
5239.99	2.93232
5241.41	2.92953
5242.82	2.92775
5244.24	2.9272
5245.65	2.92661
5247.07	2.92614
5248.48	2.92187
5249.9	2.91686
5251.32	2.91536
5252.73	2.91533
5254.15	2.91295
5255.56	2.91017
5256.98	2.90988
5258.39	2.90819
5259.81	2.90453
5261.22	2.90104
5262.64	2.89686
5264.05	2.88963
5265.47	2.88565
5266.88	2.88391
5268.3	2.877
5269.71	2.87712
5271.13	2.88216
5272.54	2.88607
5273.96	2.87637
5275.37	2.86219
5276.79	2.86205
5278.2	2.867
5279.62	2.87602
5281.03	2.88072
5282.45	2.87834
5283.86	2.87438
5285.28	2.87731
5286.69	2.88002
5288.11	2.8798
5289.53	2.88026
5290.94	2.88067
5292.36	2.8792
5293.77	2.87543
5295.19	2.87434
5296.6	2.87402
5298.02	2.87211
5299.43	2.87227
5300.85	2.87392
5302.26	2.87322
5303.68	2.86935
5305.09	2.86208
5306.51	2.85449
5307.92	2.85429
5309.34	2.86068
5310.75	2.86405
5312.17	2.86074
5313.58	2.85069
5315	2.83072
5316.41	2.8144
5317.83	2.8191
5319.24	2.83671
5320.66	2.85074
5322.07	2.85166
5323.49	2.84569
5324.9	2.84129
5326.32	2.8395
5327.74	2.8336
5329.15	2.82621
5330.57	2.82294
5331.98	2.82934
5333.4	2.83766
5334.81	2.84095
5336.23	2.83776
5337.64	2.83678
5339.06	2.83816
5340.47	2.83991
5341.89	2.83932
5343.3	2.83928
5344.72	2.83932
5346.13	2.83951
5347.55	2.83712
5348.96	2.83637
5350.38	2.83649
5351.79	2.83672
5353.21	2.83513
5354.62	2.83418
5356.04	2.83353
5357.45	2.83412
5358.87	2.8332
5360.29	2.82745
5361.7	2.81874
5363.12	2.81399
5364.53	2.81577
5365.95	2.81609
5367.36	2.81582
5368.78	2.81386
5370.19	2.81033
5371.61	2.81212
5373.02	2.81376
5374.44	2.81371
5375.85	2.81448
5377.27	2.81478
5378.68	2.8103
5380.1	2.80231
5381.51	2.80046
5382.93	2.80172
5384.34	2.80183
5385.76	2.80128
5387.18	2.80545
5388.59	2.80681
5390.01	2.80719
5391.42	2.80049
5392.84	2.79675
5394.25	2.7965
5395.67	2.79446
5397.08	2.79412
5398.5	2.79336
5399.91	2.78781
5401.33	2.7828
5402.74	2.77976
5404.16	2.78031
5405.57	2.78015
5406.99	2.7768
5408.4	2.77306
5409.82	2.76889
5411.23	2.76614
5412.65	2.76537
5414.06	2.76657
5415.48	2.76914
5416.89	2.76715
5418.31	2.76298
5419.72	2.76291
5421.14	2.76151
5422.56	2.75721
5423.97	2.75307
5425.39	2.75362
5426.8	2.7579
5428.22	2.75643
5429.63	2.75665
5431.05	2.75752
5432.46	2.7522
5433.88	2.74413
5435.29	2.73885
5436.71	2.74308
5438.12	2.74635
5439.54	2.74699
5440.95	2.74219
5442.37	2.74065
5443.78	2.7409
5445.2	2.74034
5446.61	2.73758
5448.03	2.73373
5449.44	2.73434
5450.86	2.73738
5452.27	2.73389
5453.69	2.72802
5455.11	2.72651
5456.52	2.72736
5457.94	2.72824
5459.35	2.7272
5460.77	2.7228
5462.18	2.71807
5463.6	2.71976
5465.01	2.72115
5466.43	2.7242
5467.84	2.72455
5469.26	2.72205
5470.67	2.72011
5472.09	2.71778
5473.5	2.71553
5474.92	2.71305
5476.33	2.7076
5477.75	2.70549
5479.16	2.70956
5480.58	2.71076
5481.99	2.70911
5483.41	2.70783
5484.82	2.70636
5486.24	2.70537
5487.65	2.70439
5489.07	2.7042
5490.48	2.70327
5491.9	2.70148
5493.32	2.69805
5494.73	2.69687
5496.15	2.69632
5497.56	2.69955
5498.98	2.6993
5500.39	2.69517
5501.81	2.69126
5503.22	2.68958
5504.64	2.69094
5506.05	2.68833
5507.47	2.69062
5508.88	2.69309
5510.3	2.69093
5511.71	2.68553
5513.13	2.68479
5514.54	2.68477
5515.96	2.68308
5517.37	2.68368
5518.79	2.68218
5520.2	2.67908
5521.62	2.6784
5523.03	2.67677
5524.45	2.67199
5525.86	2.66309
5527.28	2.6569
5528.69	2.6576
5530.11	2.66236
5531.53	2.66396
5532.94	2.66059
5534.36	2.65548
5535.77	2.65439
5537.19	2.65789
5538.6	2.65953
5540.02	2.65751
5541.43	2.65571
5542.85	2.65513
5544.26	2.6527
5545.68	2.6511
5547.09	2.6506
5548.51	2.64733
5549.92	2.64555
5551.34	2.64707
5552.75	2.6497
5554.17	2.64503
5555.58	2.6428
5557	2.64348
5558.41	2.64184
5559.83	2.63995
5561.24	2.63698
5562.66	2.63401
5564.08	2.63356
5565.49	2.63401
5566.91	2.63118
5568.32	2.62861
5569.74	2.62618
5571.15	2.62318
5572.57	2.62265
5573.98	2.62393
5575.4	2.6198
5576.81	2.6156
5578.23	2.61559
5579.64	2.61641
5581.06	2.61434
5582.47	2.61012
5583.89	2.60791
5585.3	2.60664
5586.72	2.60417
5588.13	2.60299
5589.55	2.60514
5590.97	2.60971
5592.38	2.60833
5593.8	2.60062
5595.21	2.59618
5596.62	2.59488
5598.04	2.59271
5599.46	2.59086
5600.87	2.59009
5602.29	2.59053
5603.7	2.5901
5605.12	2.58945
5606.53	2.5911
5607.95	2.59021
5609.36	2.58633
5610.78	2.58341
5612.19	2.58187
5613.61	2.57836
5615.02	2.57662
5616.44	2.57774
5617.85	2.57622
5619.27	2.57654
5620.68	2.57499
5622.1	2.5715
5623.51	2.56851
5624.93	2.5692
5626.35	2.56969
5627.76	2.56929
5629.18	2.56648
5630.59	2.56272
5632.01	2.55947
5633.42	2.55795
5634.84	2.55799
5636.25	2.55765
5637.67	2.55693
5639.08	2.55547
5640.5	2.55229
5641.91	2.55167
5643.33	2.55023
5644.74	2.54801
5646.16	2.54869
5647.57	2.54737
5648.99	2.54555
5650.4	2.54588
5651.82	2.54739
5653.23	2.54439
5654.65	2.53895
5656.06	2.53737
5657.48	2.53702
5658.9	2.53706
5660.31	2.53871
5661.73	2.53888
5663.14	2.53784
5664.56	2.53773
5665.97	2.53525
5667.39	2.52963
5668.8	2.52783
5670.22	2.52947
5671.63	2.52802
5673.05	2.52854
5674.46	2.53045
5675.88	2.52882
5677.29	2.52688
5678.71	2.52415
5680.12	2.51717
5681.54	2.51285
5682.95	2.50816
5684.37	2.50353
5685.78	2.50319
5687.2	2.50429
5688.61	2.50271
5690.03	2.50166
5691.44	2.50193
5692.86	2.50048
5694.28	2.49968
5695.69	2.49739
5697.11	2.49471
5698.52	2.49032
5699.94	2.49045
5701.35	2.49268
5702.77	2.49101
5704.18	2.48935
5705.6	2.48972
5707.01	2.48951
5708.43	2.48896
5709.84	2.48821
5711.26	2.48547
5712.67	2.48257
5714.09	2.48132
5715.5	2.48022
5716.92	2.47618
5718.33	2.47169
5719.75	2.47074
5721.16	2.47276
5722.58	2.47507
5723.99	2.47404
5725.41	2.46854
5726.82	2.46367
5728.24	2.46269
5729.65	2.46227
5731.07	2.46153
5732.48	2.46082
5733.9	2.46069
5735.32	2.45709
5736.73	2.45254
5738.15	2.45161
5739.56	2.45351
5740.98	2.45267
5742.39	2.44874
5743.81	2.4474
5745.22	2.4452
5746.64	2.44298
5748.05	2.44471
5749.47	2.44416
5750.88	2.4398
5752.3	2.43713
5753.71	2.43615
5755.13	2.43777
5756.54	2.43789
5757.96	2.43426
5759.37	2.43203
5760.79	2.43103
5762.2	2.43022
5763.62	2.42825
5765.03	2.4285
5766.45	2.4263
5767.87	2.42297
5769.28	2.42224
5770.7	2.42242
5772.11	2.42031
5773.53	2.41801
5774.94	2.41594
5776.36	2.41543
5777.77	2.41483
5779.19	2.41224
5780.6	2.41179
5782.02	2.41175
5783.43	2.41149
5784.85	2.4123
5786.26	2.41103
5787.68	2.40946
5789.09	2.40887
5790.51	2.40714
5791.92	2.40498
5793.34	2.40455
5794.76	2.40575
5796.17	2.4082
5797.59	2.40937
5799	2.40871
5800.41	2.40669
5801.83	2.40285
5803.25	2.40137
5804.66	2.40087
5806.08	2.39932
5807.49	2.39965
5808.91	2.3992
5810.32	2.3978
5811.74	2.39894
5813.15	2.3975
5814.57	2.3959
5815.98	2.39522
5817.4	2.39622
5818.81	2.39577
5820.23	2.39469
5821.64	2.39152
5823.06	2.38807
5824.47	2.38656
5825.89	2.38713
5827.3	2.38404
5828.72	2.38489
5830.14	2.38717
5831.55	2.38656
5832.97	2.38468
5834.38	2.38607
5835.8	2.38709
5837.21	2.38799
5838.63	2.38634
5840.04	2.38628
5841.46	2.38776
5842.87	2.38424
5844.29	2.38094
5845.7	2.38061
5847.12	2.38072
5848.53	2.37941
5849.95	2.38053
5851.36	2.37976
5852.78	2.37417
5854.19	2.37513
5855.61	2.37592
5857.02	2.37565
5858.44	2.37446
5859.85	2.37341
5861.27	2.36903
5862.69	2.36934
5864.1	2.36691
5865.52	2.36299
5866.93	2.36555
5868.35	2.36352
5869.76	2.36093
5871.18	2.36093
5872.59	2.35714
5874.01	2.35165
5875.42	2.34711
5876.84	2.34445
5878.25	2.33658
5879.67	2.33308
5881.08	2.33044
5882.5	2.3229
5883.91	2.31858
5885.33	2.30526
5886.74	2.29696
5888.16	2.26854
5889.57	2.26146
5890.99	2.26483
5892.4	2.27674
5893.82	2.27752
5895.23	2.27524
5896.65	2.27318
5898.07	2.27148
5899.48	2.27261
5900.9	2.27875
5902.31	2.29288
5903.73	2.30436
5905.14	2.31044
5906.56	2.30955
5907.97	2.3007
5909.39	2.29729
5910.8	2.29811
5912.22	2.29771
5913.63	2.29716
5915.05	2.29624
5916.46	2.28961
5917.88	2.26994
5919.29	2.26451
5920.71	2.27267
5922.12	2.26456
5923.54	2.26427
5924.95	2.28309
5926.37	2.29205
5927.78	2.29928
5929.2	2.30111
5930.61	2.2974
5932.03	2.28928
5933.44	2.29355
5934.86	2.29611
5936.28	2.29757
5937.69	2.29093
5939.11	2.27719
5940.52	2.25091
5941.94	2.24451
5943.35	2.24729
5944.77	2.23828
5946.18	2.24219
5947.6	2.24598
5949.01	2.24803
5950.43	2.25969
5951.84	2.27178
5953.26	2.2725
5954.67	2.27041
5956.09	2.26148
5957.5	2.25002
5958.92	2.2583
5960.33	2.26481
5961.75	2.26959
5963.16	2.27451
5964.58	2.26939
5965.99	2.25537
5967.41	2.24379
5968.82	2.24326
5970.24	2.25153
5971.66	2.25728
5973.07	2.26075
5974.49	2.2558
5975.9	2.24182
5977.32	2.2379
5978.73	2.24533
5980.15	2.22762
5981.56	2.22276
5982.98	2.25781
5984.39	2.24841
5985.81	2.24984
5987.22	2.2476
5988.64	2.24126
5990.05	2.2417
5991.47	2.24083
5992.88	2.24268
5994.3	2.24547
5995.71	2.24403
5997.13	2.24073
5998.55	2.23904
5999.96	2.23699
6001.38	2.23623
6002.79	2.23489
6004.2	2.23238
6005.62	2.23272
6007.04	2.23338
6008.45	2.23305
6009.87	2.23231
6011.28	2.23159
6012.7	2.22481
6014.11	2.21873
6015.53	2.21617
6016.94	2.22373
6018.36	2.22219
6019.77	2.21889
6021.19	2.21964
6022.6	2.21609
6024.02	2.21535
6025.43	2.21716
6026.85	2.21159
6028.26	2.21335
6029.68	2.21434
6031.09	2.21146
6032.51	2.21009
6033.93	2.211
6035.34	2.21177
6036.76	2.20979
6038.17	2.20833
6039.59	2.20628
6041	2.20447
6042.42	2.20193
6043.83	2.19813
6045.25	2.19768
6046.66	2.19701
6048.08	2.19625
6049.49	2.19258
6050.91	2.18933
6052.32	2.19453
6053.74	2.19213
6055.15	2.19192
6056.57	2.18935
6057.98	2.18804
6059.4	2.18689
6060.81	2.18518
6062.23	2.18457
6063.64	2.18664
6065.06	2.18423
6066.48	2.1835
6067.89	2.17794
6069.31	2.17756
6070.72	2.17853
6072.14	2.17838
6073.55	2.17718
6074.97	2.17515
6076.38	2.17338
6077.8	2.17272
6079.21	2.17098
6080.63	2.17123
6082.04	2.16883
6083.46	2.16657
6084.87	2.16452
6086.29	2.1665
6087.7	2.16387
6089.12	2.16536
6090.53	2.16499
6091.95	2.16335
6093.36	2.16127
6094.78	2.16041
6096.19	2.15975
6097.61	2.15639
6099.02	2.15097
6100.44	2.15072
6101.86	2.1545
6103.27	2.15291
6104.69	2.14967
6106.1	2.14932
6107.52	2.14497
6108.93	2.14314
6110.35	2.1441
6111.76	2.14192
6113.18	2.14305
6114.59	2.14099
6116.01	2.1379
6117.42	2.13817
6118.84	2.13895
6120.25	2.13526
6121.67	2.13301
6123.08	2.13416
6124.5	2.12933
6125.91	2.13086
6127.33	2.13042
6128.74	2.12809
6130.16	2.12972
6131.57	2.13092
6132.99	2.13103
6134.4	2.12791
6135.82	2.12218
6137.24	2.11993
6138.65	2.12162
6140.07	2.11787
6141.48	2.11793
6142.9	2.11679
6144.31	2.11299
6145.73	2.11182
6147.14	2.10873
6148.56	2.10834
6149.97	2.11072
6151.39	2.11152
6152.8	2.10691
6154.22	2.09116
6155.63	2.07604
6157.05	2.07236
6158.46	2.08589
6159.88	2.09518
6161.29	2.09487
6162.71	2.09548
6164.12	2.09774
6165.54	2.09812
6166.95	2.09711
6168.37	2.09793
6169.78	2.09849
6171.2	2.09647
6172.61	2.09395
6174.03	2.08967
6175.45	2.0877
6176.86	2.08711
6178.28	2.08801
6179.69	2.0905
6181.11	2.08468
6182.52	2.08071
6183.94	2.0833
6185.35	2.08366
6186.77	2.08402
6188.18	2.08486
6189.6	2.07963
6191.01	2.07645
6192.43	2.07884
6193.84	2.0809
6195.26	2.07886
6196.67	2.07645
6198.09	2.07507
6199.5	2.07664
6200.92	2.07679
6202.34	2.07283
6203.75	2.0718
6205.16	2.07024
6206.58	2.06619
6207.99	2.06651
6209.41	2.06661
6210.83	2.06614
6212.24	2.06644
6213.66	2.06626
6215.07	2.06842
6216.49	2.06335
6217.9	2.06095
6219.32	2.06047
6220.73	2.05774
6222.15	2.05944
6223.56	2.05725
6224.98	2.05603
6226.39	2.05522
6227.81	2.05109
6229.22	2.04875
6230.64	2.0475
6232.05	2.04859
6233.47	2.04679
6234.88	2.04379
6236.3	2.03875
6237.72	2.03465
6239.13	2.03794
6240.55	2.03904
6241.96	2.03565
6243.38	2.03493
6244.79	2.03242
6246.21	2.02519
6247.62	2.02799
6249.04	2.03582
6250.45	2.03354
6251.87	2.02977
6253.28	2.02732
6254.7	2.0273
6256.11	2.02539
6257.53	2.02355
6258.94	2.02462
6260.36	2.02137
6261.77	2.02159
6263.19	2.0212
6264.6	2.01686
6266.02	2.01488
6267.43	2.01323
6268.85	2.01283
6270.27	2.00538
6271.68	2.00615
6273.1	2.00728
6274.51	1.98637
6275.93	1.9382
6277.34	1.905
6278.76	1.9289
6280.17	1.9486
6281.59	1.96531
6283	1.97687
6284.42	1.98634
6285.83	1.99076
6287.25	1.99033
6288.66	1.98204
6290.08	1.97643
6291.49	1.96775
6292.91	1.97499
6294.32	1.97243
6295.74	1.9752
6297.15	1.97564
6298.57	1.97368
6299.98	1.9798
6301.4	1.97561
6302.81	1.98201
6304.23	1.9821
6305.65	1.97847
6307.06	1.98655
6308.48	1.98303
6309.89	1.97956
6311.31	1.98468
6312.72	1.98314
6314.14	1.98264
6315.55	1.98154
6316.97	1.97929
6318.38	1.97908
6319.8	1.98244
6321.21	1.98543
6322.63	1.98154
6324.04	1.98398
6325.46	1.98765
6326.87	1.98812
6328.29	1.98787
6329.7	1.98465
6331.12	1.98125
6332.53	1.98402
6333.95	1.98349
6335.36	1.98214
6336.78	1.98201
6338.19	1.98674
6339.61	1.98317
6341.03	1.9788
6342.44	1.97907
6343.86	1.97289
6345.27	1.94903
6346.69	1.94123
6348.1	1.96965
6349.52	1.97603
6350.93	1.97346
6352.35	1.97942
6353.76	1.97496
6355.18	1.97578
6356.59	1.9731
6358.01	1.9735
6359.42	1.97116
6360.84	1.96682
6362.25	1.9684
6363.67	1.96796
6365.08	1.96668
6366.5	1.9645
6367.91	1.95676
6369.33	1.93703
6370.74	1.93112
6372.16	1.94946
6373.57	1.95917
6374.99	1.95944
6376.4	1.95618
6377.82	1.95218
6379.24	1.95247
6380.65	1.94797
6382.07	1.94256
6383.48	1.94726
6384.9	1.94907
6386.31	1.94555
6387.73	1.94286
6389.14	1.94322
6390.56	1.94361
6391.97	1.94154
6393.39	1.94083
6394.8	1.9398
6396.22	1.93815
6397.63	1.93826
6399.05	1.93847
6400.46	1.9356
6401.88	1.93474
6403.29	1.9345
6404.71	1.93193
6406.12	1.93083
6407.54	1.93045
6408.95	1.92956
6410.37	1.92954
6411.78	1.92886
6413.2	1.926
6414.62	1.92155
6416.03	1.92002
6417.45	1.92291
6418.86	1.92081
6420.28	1.92239
6421.69	1.92569
6423.11	1.92212
6424.52	1.92057
6425.94	1.92483
6427.35	1.92164
6428.77	1.92192
6430.18	1.92077
6431.6	1.9166
6433.01	1.91743
6434.43	1.92201
6435.84	1.9191
6437.26	1.91633
6438.67	1.9148
6440.09	1.91506
6441.51	1.91556
6442.92	1.91523
6444.34	1.91637
6445.75	1.91584
6447.17	1.91408
6448.58	1.91384
6450	1.9133
6451.41	1.90789
6452.83	1.89739
6454.24	1.88647
6455.66	1.8848
6457.07	1.89225
6458.49	1.89525
6459.9	1.89378
6461.32	1.89438
6462.73	1.89156
6464.15	1.88989
6465.56	1.88774
6466.98	1.88097
6468.39	1.87745
6469.81	1.87906
6471.22	1.8735
6472.64	1.86313
6474.06	1.84856
6475.47	1.84474
6476.89	1.8639
6478.3	1.85886
6479.72	1.85316
6481.13	1.85719
6482.55	1.8446
6483.96	1.84474
6485.38	1.85762
6486.79	1.85789
6488.21	1.85745
6489.62	1.84884
6491.04	1.84148
6492.45	1.84542
6493.87	1.84646
6495.28	1.84265
6496.7	1.8491
6498.11	1.85776
6499.53	1.85827
6500.94	1.85342
6502.36	1.85039
6503.77	1.84716
6505.19	1.84782
6506.6	1.84262
6508.02	1.83691
6509.44	1.83887
6510.85	1.83005
6512.27	1.8158
6513.68	1.79476
6515.1	1.77963
6516.51	1.77852
6517.93	1.79343
6519.34	1.80569
6520.76	1.81249
6522.17	1.80372
6523.59	1.80073
6525	1.80683
6526.42	1.80878
6527.83	1.80414
6529.25	1.79324
6530.66	1.78032
6532.08	1.7702
6533.49	1.76552
6534.91	1.76567
6536.32	1.76225
6537.74	1.75701
6539.15	1.74824
6540.57	1.73213
6541.99	1.71115
6543.4	1.69187
6544.82	1.683
6546.23	1.67014
6547.65	1.64732
6549.06	1.63253
6550.48	1.61122
6551.89	1.57601
6553.31	1.5494
6554.72	1.5246
6556.14	1.48671
6557.55	1.44135
6558.97	1.3888
6560.38	1.3132
6561.8	1.26159
6563.21	1.31354
6564.63	1.40792
6566.04	1.46241
6567.46	1.50254
6568.87	1.53361
6570.29	1.56175
6571.7	1.58283
6573.12	1.60729
6574.53	1.62839
6575.95	1.65716
6577.36	1.67939
6578.78	1.69124
6580.19	1.70174
6581.61	1.71433
6583.03	1.72178
6584.44	1.72797
6585.86	1.72955
6587.27	1.74415
6588.69	1.75333
6590.1	1.76258
6591.52	1.76357
6592.93	1.76648
6594.35	1.76954
6595.76	1.77389
6597.18	1.77625
6598.59	1.77717
6600.01	1.78041
6601.42	1.78403
6602.84	1.7814
6604.25	1.78186
6605.67	1.78201
6607.08	1.78192
6608.5	1.78237
6609.91	1.78447
6611.33	1.78238
6612.74	1.7843
6614.16	1.78267
6615.57	1.78299
6616.99	1.78169
6618.41	1.77873
6619.82	1.77972
6621.24	1.7805
6622.65	1.77721
6624.07	1.77515
6625.48	1.77531
6626.9	1.77424
6628.31	1.77377
6629.73	1.77306
6631.14	1.77384
6632.56	1.77345
6633.97	1.7706
6635.39	1.76945
6636.8	1.77033
6638.22	1.76997
6639.63	1.76675
6641.05	1.76672
6642.46	1.7656
6643.88	1.76626
6645.3	1.76699
6646.71	1.76417
6648.12	1.76607
6649.54	1.76712
6650.96	1.76234
6652.37	1.75964
6653.79	1.76027
6655.2	1.7606
6656.62	1.75974
6658.03	1.76024
6659.45	1.75814
6660.86	1.75326
6662.28	1.75312
6663.69	1.75342
6665.11	1.75393
6666.52	1.75936
6667.94	1.75543
6669.35	1.75087
6670.77	1.74851
6672.18	1.75041
6673.6	1.74892
6675.01	1.74881
6676.43	1.74777
6677.85	1.74724
6679.26	1.746
6680.68	1.74788
6682.09	1.74816
6683.51	1.74891
6684.92	1.74953
6686.34	1.74716
6687.75	1.7459
6689.17	1.7458
6690.58	1.74606
6692	1.74551
6693.41	1.74364
6694.83	1.74206
6696.24	1.74311
6697.66	1.74323
6699.07	1.74195
6700.49	1.74171
6701.9	1.74132
6703.32	1.73659
6704.73	1.73772
6706.15	1.73623
6707.56	1.73273
6708.98	1.73559
6710.39	1.7354
6711.81	1.73348
6713.23	1.73247
6714.64	1.72996
6716.06	1.72785
6717.47	1.72503
6718.89	1.72397
6720.3	1.72515
6721.72	1.72642
6723.13	1.726
6724.55	1.72493
6725.96	1.72262
6727.38	1.71877
6728.79	1.72103
6730.21	1.72289
6731.62	1.71989
6733.04	1.71594
6734.45	1.71714
6735.87	1.71845
6737.28	1.71536
6738.7	1.7149
6740.11	1.71362
6741.53	1.71411
6742.94	1.71316
6744.36	1.71241
6745.78	1.71334
6747.19	1.71166
6748.61	1.70802
6750.02	1.70958
6751.44	1.70768
6752.85	1.7085
6754.27	1.70693
6755.68	1.70839
6757.1	1.70589
6758.51	1.70442
6759.93	1.70795
6761.34	1.70708
6762.76	1.70857
6764.17	1.70708
6765.59	1.70506
6767	1.70913
6768.42	1.70797
6769.83	1.70523
6771.25	1.70515
6772.66	1.70506
6774.08	1.70355
6775.49	1.70064
6776.91	1.70262
6778.32	1.70294
6779.74	1.70267
6781.15	1.70194
6782.57	1.70042
6783.99	1.70017
6785.4	1.69974
6786.82	1.69893
6788.23	1.69792
6789.65	1.6969
6791.06	1.69637
6792.48	1.69428
6793.89	1.69435
6795.31	1.6944
6796.72	1.69258
6798.14	1.69158
6799.55	1.69031
6800.97	1.68838
6802.38	1.68581
6803.8	1.68613
6805.21	1.68692
6806.63	1.68488
6808.04	1.6843
6809.46	1.68543
6810.87	1.68453
6812.29	1.68252
6813.7	1.67988
6815.12	1.67747
6816.53	1.67648
6817.95	1.67558
6819.36	1.67409
6820.78	1.67327
6822.2	1.67468
6823.61	1.67437
6825.03	1.67206
6826.44	1.67003
6827.86	1.66822
6829.27	1.6651
6830.69	1.66545
6832.1	1.66738
6833.52	1.66583
6834.93	1.66543
6836.35	1.66347
6837.76	1.66275
6839.18	1.66113
6840.59	1.65952
6842.01	1.65706
6843.42	1.65721
6844.84	1.65522
6846.25	1.65554
6847.67	1.65655
6849.09	1.65511
6850.5	1.65475
6851.91	1.65583
6853.33	1.65358
6854.75	1.65425
6856.16	1.65188
6857.58	1.644
6858.99	1.63521
6860.41	1.65047
6861.82	1.64657
6863.24	1.64281
6864.65	1.63187
6866.07	1.58029
6867.48	1.41514
6868.9	1.27851
6870.31	1.29709
6871.73	1.32535
6873.14	1.35059
6874.56	1.38379
6875.97	1.41945
6877.39	1.45299
6878.8	1.49846
6880.22	1.54789
6881.64	1.60059
6883.05	1.59589
6884.47	1.56095
6885.88	1.51386
6887.3	1.50881
6888.71	1.49842
6890.13	1.49248
6891.54	1.51109
6892.96	1.48659
6894.37	1.52111
6895.79	1.51383
6897.2	1.50172
6898.62	1.54572
6900.03	1.51749
6901.45	1.52633
6902.86	1.56542
6904.28	1.52878
6905.69	1.53937
6907.11	1.58121
6908.52	1.55071
6909.94	1.55074
6911.35	1.59169
6912.77	1.57123
6914.18	1.55502
6915.6	1.59189
6917.02	1.59721
6918.43	1.56989
6919.85	1.58305
6921.26	1.60588
6922.68	1.58037
6924.09	1.56108
6925.51	1.58692
6926.92	1.60044
6928.34	1.57172
6929.75	1.54724
6931.17	1.56493
6932.58	1.57244
6934	1.56643
6935.41	1.57432
6936.83	1.57714
6938.24	1.55355
6939.66	1.52893
6941.07	1.5146
6942.49	1.53457
6943.9	1.56401
6945.32	1.5868
6946.73	1.56784
6948.15	1.53538
6949.57	1.55565
6950.98	1.57823
6952.4	1.58478
6953.81	1.57321
6955.23	1.56159
6956.64	1.53778
6958.06	1.56324
6959.47	1.55796
6960.89	1.55265
6962.3	1.57475
6963.72	1.59219
6965.13	1.59266
6966.55	1.60399
6967.96	1.60735
6969.38	1.60333
6970.79	1.5935
6972.21	1.59904
6973.62	1.60117
6975.04	1.6016
6976.45	1.59748
6977.87	1.58897
6979.28	1.59422
6980.7	1.58869
6982.11	1.58864
6983.53	1.59139
6984.94	1.57401
6986.36	1.5527
6987.78	1.54644
6989.19	1.53894
6990.61	1.5541
6992.02	1.56099
6993.44	1.54071
6994.85	1.5586
6996.27	1.5786
6997.68	1.55528
6999.1	1.54156
7000.51	1.56124
7001.93	1.56679
7003.34	1.5503
7004.76	1.52666
7006.17	1.54336
7007.59	1.56787
7009	1.56651
7010.42	1.55587
7011.83	1.562
7013.25	1.57332
7014.66	1.55418
7016.08	1.52942
7017.49	1.54651
7018.91	1.56535
7020.32	1.56474
7021.74	1.55946
7023.15	1.54772
7024.57	1.55079
7025.99	1.53703
7027.4	1.51948
7028.82	1.54852
7030.23	1.5761
7031.65	1.58173
7033.06	1.58459
7034.48	1.58208
7035.89	1.56606
7037.31	1.54418
7038.72	1.53542
7040.14	1.53914
7041.55	1.56193
7042.97	1.57368
7044.38	1.56963
7045.8	1.56941
7047.21	1.56293
7048.63	1.5598
7050.04	1.54668
7051.46	1.53216
7052.88	1.53878
7054.29	1.55359
7055.7	1.55038
7057.12	1.54479
7058.54	1.54832
7059.95	1.55022
7061.37	1.5508
7062.78	1.5492
7064.2	1.54328
7065.61	1.5397
7067.03	1.54834
7068.44	1.55461
7069.86	1.55258
7071.27	1.54707
7072.69	1.54405
7074.1	1.54517
7075.52	1.54113
7076.93	1.53653
7078.35	1.52766
7079.76	1.53401
7081.18	1.54237
7082.59	1.54554
7084.01	1.54178
7085.43	1.5409
7086.84	1.53377
7088.26	1.52555
7089.67	1.53276
7091.09	1.53714
7092.5	1.53262
7093.92	1.5309
7095.33	1.53048
7096.75	1.53025
7098.16	1.52651
7099.58	1.52326
7100.99	1.52405
7102.41	1.52612
7103.82	1.52388
7105.24	1.52283
7106.65	1.52039
7108.07	1.5185
7109.48	1.51672
7110.9	1.51598
7112.31	1.51255
7113.73	1.51067
7115.14	1.50862
7116.56	1.50846
7117.97	1.50614
7119.39	1.50877
7120.81	1.5122
7122.22	1.5132
7123.64	1.51546
7125.05	1.51548
7126.47	1.51
7127.88	1.50306
7129.3	1.50135
7130.71	1.50424
7132.13	1.50762
7133.54	1.51152
7134.96	1.51366
7136.37	1.5134
7137.79	1.51611
7139.2	1.51821
7140.62	1.51817
7142.03	1.51677
7143.45	1.51855
7144.86	1.5199
7146.28	1.51281
7147.69	1.5094
7149.11	1.50833
7150.52	1.50696
7151.94	1.51577
7153.36	1.52294
7154.77	1.51688
7156.19	1.5097
7157.6	1.50737
7159.02	1.50958
7160.43	1.5108
7161.85	1.49996
7163.26	1.48433
7164.68	1.46429
7166.09	1.4277
7167.51	1.39697
7168.92	1.39609
7170.34	1.38306
7171.75	1.35175
7173.17	1.32895
7174.58	1.36277
7176	1.34343
7177.41	1.33105
7178.83	1.4021
7180.24	1.40327
7181.66	1.37028
7183.07	1.35417
7184.49	1.2733
7185.9	1.2367
7187.32	1.29875
7188.74	1.4046
7190.15	1.36972
7191.57	1.28725
7192.98	1.29693
7194.4	1.3432
7195.81	1.37447
7197.23	1.35441
7198.64	1.33199
7200.06	1.29002
7201.47	1.31104
7202.89	1.35349
7204.3	1.32968
7205.72	1.35149
7207.13	1.40335
7208.55	1.43534
7209.96	1.43966
7211.38	1.47076
7212.79	1.49019
7214.21	1.48122
7215.62	1.45357
7217.04	1.45111
7218.45	1.47658
7219.87	1.49255
7221.28	1.47678
7222.7	1.43877
7224.11	1.44611
7225.53	1.45966
7226.94	1.43672
7228.36	1.45113
7229.78	1.44921
7231.19	1.37448
7232.61	1.29221
7234.02	1.27332
7235.44	1.32641
7236.85	1.40402
7238.27	1.40168
7239.68	1.32509
7241.1	1.33108
7242.51	1.33654
7243.93	1.33301
7245.34	1.36077
7246.76	1.3868
7248.17	1.40254
7249.59	1.38692
7251	1.32372
7252.42	1.26186
7253.83	1.33412
7255.25	1.40633
7256.66	1.38249
7258.08	1.38069
7259.49	1.39115
7260.91	1.37571
7262.33	1.3585
7263.74	1.31421
7265.16	1.31598
7266.57	1.39715
7267.99	1.42422
7269.4	1.40203
7270.82	1.38754
7272.23	1.34921
7273.65	1.3293
7275.06	1.28461
7276.48	1.24303
7277.89	1.30563
7279.31	1.38284
7280.72	1.40621
7282.14	1.41911
7283.55	1.43959
7284.97	1.43048
7286.38	1.3724
7287.8	1.33445
7289.22	1.30904
7290.63	1.29593
7292.05	1.3271
7293.46	1.35333
7294.88	1.37284
7296.29	1.40498
7297.71	1.40927
7299.12	1.38119
7300.54	1.35828
7301.95	1.31607
7303.37	1.29594
7304.78	1.35628
7306.2	1.40474
7307.61	1.37424
7309.03	1.33086
7310.44	1.34022
7311.86	1.36507
7313.27	1.37952
7314.69	1.37536
7316.1	1.34245
7317.52	1.32483
7318.93	1.35989
7320.35	1.40993
7321.76	1.42077
7323.18	1.41582
7324.6	1.4079
7326.01	1.40099
7327.43	1.39517
7328.84	1.40743
7330.26	1.39876
7331.67	1.38252
7333.09	1.37317
7334.5	1.38521
7335.92	1.40915
7337.33	1.42581
7338.75	1.42387
7340.16	1.41831
7341.58	1.41259
7342.99	1.3981
7344.41	1.39302
7345.82	1.40501
7347.24	1.39349
7348.65	1.37593
7350.07	1.38644
7351.48	1.40553
7352.9	1.40032
7354.31	1.39607
7355.73	1.39179
7357.15	1.3881
7358.56	1.38666
7359.98	1.37704
7361.39	1.37596
7362.81	1.3766
7364.22	1.37606
7365.64	1.381
7367.05	1.37935
7368.47	1.36636
7369.88	1.37479
7371.3	1.38444
7372.71	1.39048
7374.13	1.39574
7375.54	1.39399
7376.96	1.38546
7378.37	1.38254
7379.79	1.38476
7381.2	1.3744
7382.62	1.364
7384.03	1.37581
7385.45	1.38961
7386.86	1.38902
7388.28	1.38121
7389.69	1.36765
7391.11	1.36642
7392.53	1.37796
7393.94	1.38065
7395.36	1.3708
7396.77	1.36793
7398.19	1.38042
7399.6	1.3836
7401.02	1.38242
7402.43	1.3808
7403.85	1.38168
7405.26	1.3802
7406.68	1.37658
7408.09	1.37493
7409.51	1.37033
7410.92	1.3734
7412.34	1.3749
7413.75	1.37304
7415.17	1.37183
7416.58	1.37342
7418	1.37655
7419.41	1.37383
7420.83	1.36805
7422.24	1.36622
7423.66	1.36223
7425.07	1.36334
7426.49	1.36817
7427.9	1.36964
7429.32	1.36838
7430.74	1.36768
7432.15	1.36633
7433.57	1.36391
7434.98	1.36385
7436.4	1.36364
7437.81	1.36069
7439.23	1.35831
7440.64	1.35519
7442.06	1.35277
7443.47	1.35557
7444.89	1.35732
7446.3	1.35467
7447.72	1.35492
7449.13	1.3553
7450.55	1.35283
7451.96	1.35257
7453.38	1.35287
7454.79	1.35041
7456.21	1.35136
7457.62	1.34947
7459.04	1.34749
7460.45	1.34756
7461.87	1.34565
7463.28	1.34564
7464.7	1.34566
7466.12	1.34083
7467.53	1.33427
7468.95	1.33675
7470.36	1.34008
7471.78	1.34009
7473.19	1.3402
7474.61	1.33803
7476.02	1.33568
7477.44	1.3367
7478.85	1.33659
7480.27	1.33447
7481.68	1.33493
7483.1	1.33177
7484.51	1.33029
7485.93	1.33479
7487.34	1.33491
7488.76	1.33251
7490.17	1.32981
7491.59	1.32925
7493.01	1.32947
7494.42	1.32755
7495.84	1.32773
7497.25	1.32757
7498.66	1.32617
7500.08	1.32546
7501.5	1.32421
7502.91	1.32136
7504.33	1.32012
7505.74	1.32169
7507.16	1.32148
7508.57	1.32144
7509.99	1.32111
7511.4	1.31954
7512.82	1.31946
7514.23	1.31803
7515.65	1.3172
7517.06	1.31718
7518.48	1.31717
7519.89	1.31701
7521.31	1.31659
7522.72	1.31661
7524.14	1.3157
7525.55	1.31458
7526.97	1.31284
7528.39	1.31183
7529.8	1.3126
7531.22	1.31122
7532.63	1.30929
7534.05	1.31208
7535.46	1.31065
7536.88	1.30904
7538.29	1.30888
7539.71	1.30845
7541.12	1.30932
7542.54	1.30974
7543.95	1.30729
7545.37	1.30498
7546.78	1.30542
7548.2	1.30445
7549.61	1.30313
7551.03	1.30253
7552.44	1.30264
7553.86	1.30149
7555.27	1.30155
7556.69	1.30173
7558.1	1.30222
7559.52	1.30128
7560.94	1.29945
7562.35	1.29907
7563.77	1.29779
7565.18	1.29799
7566.6	1.29719
7568.01	1.29696
7569.43	1.29614
7570.84	1.2955
7572.26	1.29543
7573.67	1.29199
7575.09	1.2898
7576.5	1.29027
7577.92	1.28896
7579.33	1.28843
7580.75	1.28754
7582.16	1.28561
7583.58	1.28445
7584.99	1.28244
7586.41	1.28239
7587.82	1.27822
7589.24	1.27577
7590.65	1.2613
7592.07	1.20406
7593.48	1.06249
7594.9	0.894397
7596.32	0.824246
7597.73	0.809997
7599.15	0.779524
7600.56	0.743322
7601.98	0.720777
7603.39	0.709523
7604.81	0.705254
7606.22	0.71317
7607.64	0.725416
7609.05	0.747381
7610.47	0.772608
7611.88	0.812805
7613.3	0.85673
7614.71	0.926796
7616.13	1.0006
7617.54	1.14086
7618.96	1.1611
7620.37	1.07013
7621.79	0.981471
7623.2	0.925617
7624.62	0.891306
7626.03	0.922579
7627.45	0.862582
7628.86	0.890882
7630.28	0.915008
7631.69	0.854007
7633.11	0.918204
7634.53	0.931163
7635.94	0.869178
7637.36	0.951423
7638.77	0.970698
7640.19	0.894562
7641.6	0.971454
7643.02	1.02388
7644.43	0.936934
7645.85	0.97556
7647.26	1.0772
7648.68	1.01814
7650.09	0.97652
7651.51	1.08859
7652.92	1.11042
7654.34	1.02532
7655.75	1.05564
7657.17	1.15508
7658.58	1.12679
7660	1.06233
7661.41	1.12007
7662.83	1.18469
7664.24	1.15149
7665.66	1.10118
7667.07	1.15872
7668.49	1.20638
7669.91	1.18007
7671.32	1.13808
7672.74	1.17559
7674.15	1.21806
7675.57	1.20364
7676.98	1.16986
7678.4	1.18691
7679.81	1.22442
7681.23	1.22479
7682.64	1.20216
7684.06	1.19317
7685.47	1.22194
7686.89	1.23251
7688.3	1.22444
7689.72	1.21052
7691.13	1.21587
7692.55	1.23152
7693.96	1.23637
7695.38	1.2297
7696.8	1.22155
7698.21	1.22737
7699.62	1.23742
7701.04	1.23879
7702.45	1.23457
7703.87	1.23264
7705.29	1.23566
7706.7	1.24038
7708.12	1.2419
7709.53	1.2375
7710.95	1.23332
7712.36	1.23463
7713.78	1.23692
7715.19	1.23598
7716.61	1.23567
7718.02	1.23382
7719.44	1.23518
7720.85	1.2355
7722.27	1.23627
7723.68	1.23593
7725.1	1.23332
7726.51	1.23412
7727.93	1.23727
7729.34	1.23614
7730.76	1.23551
7732.18	1.23304
7733.59	1.23358
7735.01	1.2337
7736.42	1.23412
7737.84	1.23359
7739.25	1.23392
7740.67	1.23071
7742.08	1.23107
7743.5	1.23063
7744.91	1.22832
7746.33	1.2284
7747.74	1.22764
7749.16	1.22745
7750.57	1.22676
7751.99	1.22663
7753.4	1.22677
7754.82	1.22464
7756.23	1.22417
7757.65	1.22524
7759.06	1.22222
7760.48	1.22362
7761.89	1.22318
7763.31	1.22152
7764.73	1.22
7766.14	1.21873
7767.56	1.21865
7768.97	1.21581
7770.39	1.19603
7771.8	1.16669
7773.22	1.14812
7774.63	1.14115
7776.05	1.16495
7777.46	1.19711
7778.88	1.20941
7780.29	1.21265
7781.71	1.21378
7783.12	1.21257
7784.54	1.21113
7785.95	1.21156
7787.37	1.21219
7788.78	1.21045
7790.2	1.211
7791.61	1.21023
7793.03	1.20772
7794.44	1.20806
7795.86	1.20721
7797.27	1.20665
7798.69	1.20628
7800.11	1.20563
7801.52	1.20563
7802.94	1.20198
7804.35	1.20497
7805.77	1.20444
7807.18	1.2047
7808.6	1.20329
7810.01	1.20244
7811.43	1.20222
7812.84	1.2025
7814.26	1.20227
7815.67	1.20088
7817.09	1.20175
7818.5	1.20056
7819.92	1.19983
7821.33	1.19719
7822.75	1.19819
7824.16	1.20061
7825.58	1.19977
7826.99	1.19732
7828.41	1.19669
7829.82	1.19713
7831.24	1.19845
7832.65	1.19602
7834.07	1.19459
7835.49	1.19532
7836.9	1.19343
7838.32	1.19322
7839.73	1.19143
7841.15	1.19283
7842.56	1.19254
7843.98	1.19305
7845.39	1.19236
7846.81	1.19049
7848.22	1.19187
7849.64	1.18976
7851.05	1.1894
7852.47	1.18842
7853.88	1.18792
7855.3	1.18778
7856.71	1.18691
7858.13	1.18822
7859.54	1.18651
7860.96	1.18495
7862.37	1.1828
7863.79	1.18173
7865.2	1.1789
7866.62	1.17952
7868.03	1.17963
7869.45	1.1792
7870.86	1.17953
7872.28	1.17847
7873.7	1.17573
7875.11	1.16907
7876.53	1.162
7877.94	1.16506
7879.36	1.17147
7880.77	1.17162
7882.19	1.17305
7883.6	1.17503
7885.02	1.17264
7886.43	1.16501
7887.85	1.16595
7889.26	1.16627
7890.68	1.15978
7892.09	1.1546
7893.51	1.14868
7894.92	1.13708
7896.34	1.1357
7897.75	1.15169
7899.17	1.16018
7900.59	1.15167
7902	1.14529
7903.41	1.15123
7904.83	1.16481
7906.24	1.16476
7907.66	1.15467
7909.08	1.14367
7910.49	1.14479
7911.91	1.15473
7913.32	1.16187
7914.74	1.15858
7916.15	1.15283
7917.57	1.15075
7918.98	1.14867
7920.4	1.14774
7921.81	1.14792
7923.23	1.15136
7924.64	1.15036
7926.06	1.15343
7927.47	1.14658
7928.89	1.13926
7930.3	1.14092
7931.72	1.15101
7933.13	1.1563
7934.55	1.15979
7935.97	1.16046
7937.38	1.15949
7938.8	1.15927
7940.21	1.15571
7941.63	1.15437
7943.04	1.15506
7944.46	1.15539
7945.87	1.15257
7947.29	1.14623
7948.7	1.14675
7950.12	1.14441
7951.53	1.14368
7952.95	1.1451
7954.36	1.14696
7955.78	1.14813
7957.19	1.1395
7958.61	1.13069
7960.02	1.121
7961.44	1.11559
7962.85	1.11436
7964.27	1.12251
7965.68	1.13556
7967.1	1.14009
7968.52	1.13566
7969.93	1.13723
7971.35	1.13718
7972.76	1.13733
7974.18	1.14052
7975.59	1.13982
7977.01	1.14177
7978.42	1.14036
7979.84	1.13845
7981.25	1.13867
7982.67	1.13675
7984.08	1.13175
7985.5	1.1296
7986.91	1.13259
7988.33	1.1349
7989.74	1.13569
7991.16	1.13485
7992.57	1.13563
7993.99	1.136
7995.4	1.13272
7996.82	1.13033
7998.23	1.12297
7999.65	1.11668
8001.06	1.11829
8002.48	1.12605
8003.9	1.13001
8005.31	1.12587
8006.73	1.11663
8008.14	1.11042
8009.56	1.12295
8010.97	1.1241
8012.39	1.11259
8013.8	1.11012
8015.22	1.11958
8016.63	1.126
8018.05	1.12407
8019.46	1.12431
8020.88	1.11902
8022.29	1.1113
8023.71	1.10908
8025.12	1.11096
8026.54	1.11374
8027.95	1.10942
8029.37	1.11195
8030.78	1.11904
8032.2	1.11757
8033.61	1.10926
8035.03	1.1063
8036.45	1.10979
8037.86	1.11345
8039.28	1.11482
8040.69	1.11216
8042.11	1.10737
8043.52	1.10049
8044.94	1.10138
8046.35	1.10808
8047.77	1.11536
8049.18	1.11633
8050.6	1.11755
8052.01	1.11434
8053.43	1.1113
8054.84	1.1107
8056.26	1.11211
8057.67	1.11296
8059.09	1.11013
8060.5	1.10787
8061.92	1.10782
8063.33	1.10662
8064.75	1.10634
8066.16	1.10974
8067.58	1.10952
8068.99	1.10632
8070.41	1.10161
8071.82	1.10423
8073.24	1.11003
8074.65	1.10654
8076.07	1.10496
8077.49	1.10413
8078.9	1.10332
8080.32	1.10367
8081.73	1.10212
8083.15	1.1
8084.56	1.09422
8085.98	1.0919
8087.39	1.09812
8088.81	1.10064
8090.22	1.0949
8091.64	1.09516
8093.05	1.09497
8094.47	1.09164
8095.88	1.08676
8097.3	1.08438
8098.71	1.08728
8100.13	1.09062
8101.54	1.09024
8102.96	1.0885
8104.38	1.08941
8105.79	1.08631
8107.2	1.08025
8108.62	1.0754
8110.03	1.07611
8111.45	1.0735
8112.87	1.06205
8114.28	1.0586
8115.7	1.07105
8117.11	1.07992
8118.53	1.07346
8119.94	1.06507
8121.36	1.05615
8122.77	1.05094
8124.19	1.05663
8125.6	1.05816
8127.02	1.06153
8128.43	1.06249
8129.85	1.04041
8131.26	1.01948
8132.68	1.00695
8134.09	0.982229
8135.51	0.985191
8136.92	1.02091
8138.34	1.04244
8139.76	1.02173
8141.17	0.988476
8142.59	0.991325
8144	1.00911
8145.42	1.0121
8146.83	0.988182
8148.25	0.957937
8149.66	0.958833
8151.08	0.990758
8152.49	0.986106
8153.91	0.950238
8155.32	0.96165
8156.74	0.997588
8158.15	0.993895
8159.57	0.99546
8160.98	0.948131
8162.4	0.88407
8163.81	0.892237
8165.23	0.924576
8166.64	0.981246
8168.06	0.976499
8169.47	0.916328
8170.89	0.944969
8172.31	1.01554
8173.72	1.03259
8175.14	1.00986
8176.55	0.940513
8177.97	0.871062
8179.38	0.900002
8180.8	0.961496
8182.21	0.966419
8183.63	0.989043
8185.04	1.00538
8186.46	0.983292
8187.87	0.970013
8189.29	0.947438
8190.7	0.975665
8192.12	0.985484
8193.53	0.961525
8194.95	0.990847
8196.36	0.998994
8197.78	0.944595
8199.19	0.934543
8200.61	0.947104
8202.02	0.996363
8203.44	1.03565
8204.85	1.04135
8206.27	1.04543
8207.68	1.04428
8209.1	1.03245
8210.51	1.01393
8211.93	1.0054
8213.35	1.00834
8214.76	1.02194
8216.18	1.02104
8217.59	0.999933
8219.01	0.987552
8220.42	1.00572
8221.84	0.98671
8223.25	0.974422
8224.67	0.945788
8226.08	0.907146
8227.5	0.820667
8228.91	0.773301
8230.33	0.821284
8231.74	0.851015
8233.16	0.906376
8234.57	0.937624
8235.99	0.976622
8237.4	0.9923
8238.82	1.00237
8240.24	1.00231
8241.65	0.994429
8243.07	0.963706
8244.48	0.953647
8245.9	1.01177
8247.31	1.0265
8248.73	1.02793
8250.14	1.02784
8251.56	1.02313
8252.97	1.00441
8254.39	1.00251
8255.8	0.978808
8257.22	0.943307
8258.63	0.97008
8260.05	0.975291
8261.46	0.989263
8262.88	0.999378
8264.29	0.986368
8265.71	1.00986
8267.12	1.02568
8268.54	1.02543
8269.95	1.01856
8271.37	0.994046
8272.78	0.954594
8274.2	0.928622
8275.61	0.914332
8277.03	0.937095
8278.44	0.952698
8279.86	0.954009
8281.28	0.937561
8282.69	0.938673
8284.11	0.973562
8285.52	1.00491
8286.94	0.976061
8288.35	0.919868
8289.77	0.914204
8291.18	0.966437
8292.6	0.99201
8294.01	0.947949
8295.43	0.919875
8296.84	0.966948
8298.26	0.998852
8299.67	0.983817
8301.09	0.958879
8302.5	0.974974
8303.92	0.964402
8305.33	0.91598
8306.75	0.94309
8308.17	0.991827
8309.58	1.00047
8311	0.98934
8312.41	0.966149
8313.83	0.971052
8315.24	0.982763
8316.66	0.964137
8318.07	0.939131
8319.49	0.946145
8320.9	0.936872
8322.32	0.909981
8323.73	0.95594
8325.15	0.999361
8326.56	0.997152
8327.98	0.992574
8329.39	0.973867
8330.81	0.960958
8332.22	0.972199
8333.64	0.962829
8335.05	0.950019
8336.47	0.961197
8337.88	0.977003
8339.3	0.9495
8340.71	0.957996
8342.13	0.98134
8343.55	0.986325
8344.96	0.997523
8346.38	1.00233
8347.79	0.998481
8349.21	0.985132
8350.62	0.976561
8352.04	0.992165
8353.45	0.987677
8354.87	0.974527
8356.28	0.98073
8357.7	0.969552
8359.11	0.977119
8360.53	0.989218
8361.94	0.985277
8363.36	0.968588
8364.77	0.990952
8366.19	0.99577
8367.6	0.984281
8369.02	0.982518
8370.43	0.994735
8371.85	0.996132
8373.26	0.991662
8374.68	0.976356
8376.09	0.974114
8377.51	0.97062
8378.92	0.98325
8380.34	0.996604
8381.76	0.998284
8383.17	0.995333
8384.59	0.986019
8386	0.978608
8387.42	0.97972
8388.83	0.984665
8390.25	0.988451
8391.66	0.989823
8393.08	0.990871
8394.49	0.985042
8395.91	0.980327
8397.32	0.984181
8398.74	0.983406
8400.15	0.988812
8401.57	0.988196
8402.98	0.988551
8404.4	0.988766
8405.81	0.981341
8407.23	0.976228
8408.64	0.975169
8410.06	0.96654
8411.48	0.970784
8412.89	0.976827
8414.31	0.979466
8415.72	0.972622
8417.14	0.968239
8418.55	0.971851
8419.97	0.974109
8421.38	0.978149
8422.8	0.983279
8424.21	0.984714
8425.63	0.982866
8427.04	0.982876
8428.46	0.980233
8429.87	0.976177
8431.29	0.971325
8432.7	0.969255
8434.12	0.971645
8435.53	0.969432
8436.95	0.960066
8438.36	0.954257
8439.78	0.958896
8441.19	0.963395
8442.61	0.965969
8444.02	0.964612
8445.44	0.961216
8446.85	0.926648
8448.27	0.914961
8449.68	0.951057
8451.1	0.973501
8452.52	0.975534
8453.93	0.976959
8455.35	0.975192
8456.76	0.976268
8458.18	0.974968
8459.59	0.970353
8461.01	0.965362
8462.42	0.962258
8463.84	0.959421
8465.25	0.956004
8466.67	0.954406
8468.08	0.953796
8469.5	0.952294
8470.91	0.955188
8472.33	0.958657
8473.74	0.962222
8475.16	0.965743
8476.57	0.967105
8477.99	0.969491
8479.41	0.968885
8480.82	0.968576
8482.24	0.970942
8483.65	0.970742
8485.07	0.973373
8486.48	0.972757
8487.9	0.968434
8489.31	0.96781
8490.73	0.966412
8492.14	0.964527
8493.56	0.964097
8494.97	0.95943
8496.39	0.951802
8497.8	0.937309
8499.22	0.928007
8500.63	0.924817
8502.05	0.928278
8503.46	0.929773
8504.88	0.929999
8506.29	0.935623
8507.71	0.940682
8509.12	0.945848
8510.54	0.949232
8511.95	0.949446
8513.37	0.950731
8514.78	0.953223
8516.2	0.957982
8517.61	0.960868
8519.03	0.961415
8520.45	0.960062
8521.86	0.963022
8523.28	0.964214
8524.69	0.964749
8526.11	0.963318
8527.52	0.960558
8528.94	0.959651
8530.35	0.956979
8531.77	0.953814
8533.18	0.95016
8534.6	0.947377
8536.01	0.943397
8537.43	0.936406
8538.84	0.93074
8540.26	0.917858
8541.67	0.896177
8543.09	0.882882
8544.5	0.882287
8545.92	0.890439
8547.34	0.896852
8548.75	0.904985
8550.17	0.911682
8551.58	0.91794
8553	0.925195
8554.41	0.930245
8555.83	0.933311
8557.24	0.937484
8558.66	0.942878
8560.07	0.946274
8561.49	0.949129
8562.9	0.950803
8564.32	0.954012
8565.73	0.955699
8567.15	0.956282
8568.56	0.953856
8569.98	0.954714
8571.39	0.954936
8572.81	0.953618
8574.22	0.952512
8575.64	0.952227
8577.05	0.952543
8578.47	0.95008
8579.89	0.947639
8581.3	0.946212
8582.72	0.942328
8584.13	0.939182
8585.55	0.933637
8586.96	0.929689
8588.38	0.923785
8589.79	0.918703
8591.21	0.910851
8592.62	0.901272
8594.04	0.893539
8595.45	0.883499
8596.87	0.874409
8598.28	0.867215
8599.7	0.865283
8601.11	0.870636
8602.53	0.879298
8603.94	0.887634
8605.36	0.898261
8606.77	0.905708
8608.19	0.912677
8609.6	0.919027
8611.02	0.926161
8612.43	0.928559
8613.85	0.931663
8615.26	0.936083
8616.68	0.940528
8618.09	0.942082
8619.51	0.944694
8620.93	0.947865
8622.34	0.948387
8623.76	0.948908
8625.17	0.950993
8626.59	0.951513
8628	0.948058
8629.42	0.946655
8630.83	0.947057
8632.25	0.947158
8633.66	0.949808
8635.08	0.948367
8636.49	0.946133
8637.91	0.947459
8639.32	0.945569
8640.74	0.943009
8642.15	0.941785
8643.57	0.938145
8644.98	0.932653
8646.4	0.930198
8647.82	0.927016
8649.23	0.920444
8650.65	0.915447
8652.06	0.911185
8653.48	0.904915
8654.89	0.89711
8656.31	0.888191
8657.72	0.881728
8659.14	0.869192
8660.55	0.852656
8661.97	0.833138
8663.38	0.817979
8664.8	0.813739
8666.21	0.81941
8667.63	0.82828
8669.04	0.838624
8670.46	0.852324
8671.87	0.864007
8673.29	0.872789
8674.7	0.880572
8676.12	0.888204
8677.53	0.892728
8678.95	0.895053
8680.36	0.896263
8681.78	0.898808
8683.19	0.903029
8684.61	0.909572
8686.02	0.912903
8687.44	0.920054
8688.86	0.925577
8690.27	0.927288
8691.69	0.930675
8693.1	0.933808
8694.52	0.932086
8695.93	0.933022
8697.35	0.93619
8698.76	0.938441
8700.18	0.940126
8701.59	0.940306
8703.01	0.938509
8704.42	0.935933
8705.84	0.937867
8707.25	0.940081
8708.67	0.940305
8710.08	0.938397
8711.5	0.934755
8712.91	0.931597
8714.33	0.9338
8715.75	0.932885
8717.16	0.931909
8718.58	0.927579
8719.99	0.926036
8721.41	0.925535
8722.82	0.923551
8724.24	0.921161
8725.65	0.918463
8727.07	0.915242
8728.48	0.91062
8729.9	0.907247
8731.31	0.902297
8732.73	0.899521
8734.14	0.893045
8735.56	0.88713
8736.97	0.880236
8738.39	0.873073
8739.8	0.866112
8741.22	0.857534
8742.63	0.848745
8744.05	0.83937
8745.46	0.827272
8746.88	0.813111
8748.29	0.799158
8749.71	0.787424
8751.12	0.779295
8752.54	0.782165
8753.95	0.795024
8755.37	0.809052
8756.79	0.821847
8758.2	0.83379
8759.62	0.843648
8761.03	0.849884
8762.45	0.859081
8763.86	0.866494
8765.28	0.872451
8766.69	0.876757
8768.11	0.882355
8769.52	0.887298
8770.94	0.891051
8772.35	0.894906
8773.77	0.89818
8775.18	0.90222
8776.6	0.903967
8778.01	0.906402
8779.43	0.909301
8780.84	0.911489
8782.26	0.912619
8783.68	0.914982
8785.09	0.915066
8786.51	0.917597
8787.92	0.918438
8789.34	0.920827
8790.75	0.919556
8792.17	0.92245
8793.58	0.923021
8795	0.924321
8796.41	0.924865
8797.83	0.926034
8799.24	0.925258
8800.66	0.925394
8802.07	0.924576
8803.49	0.923077
8804.9	0.920868
8806.32	0.918534
8807.73	0.918986
8809.15	0.918511
8810.56	0.921791
8811.98	0.9206
8813.39	0.922223
8814.81	0.921278
8816.22	0.92001
8817.64	0.91877
8819.06	0.915403
8820.47	0.911367
8821.89	0.908056
8823.3	0.909342
8824.72	0.910494
8826.13	0.909905
8827.55	0.906317
8828.96	0.9053
8830.38	0.904302
8831.79	0.900864
8833.21	0.897731
8834.62	0.893388
8836.04	0.890847
8837.45	0.886486
8838.87	0.882747
8840.28	0.880583
8841.7	0.876705
8843.11	0.873349
8844.53	0.867219
8845.94	0.862418
8847.36	0.855184
8848.77	0.848452
8850.19	0.841313
8851.6	0.833743
8853.02	0.822813
8854.43	0.814864
8855.85	0.803986
8857.26	0.791055
8858.68	0.773286
8860.1	0.7591
8861.51	0.747396
8862.93	0.737628
8864.34	0.737855
8865.76	0.747238
8867.17	0.763376
8868.59	0.777623
8870	0.791759
8871.42	0.805101
8872.83	0.814459
8874.25	0.823471
8875.66	0.829145
8877.08	0.837356
8878.49	0.841118
8879.91	0.840378
8881.32	0.845002
8882.74	0.854232
8884.15	0.860584
8885.57	0.866787
8886.99	0.871951
8888.4	0.874887
8889.82	0.877971
8891.23	0.88227
8892.65	0.883642
8894.06	0.885224
8895.48	0.886065
8896.89	0.8877
8898.31	0.889026
8899.72	0.890593
8901.14	0.893658
8902.55	0.893093
8903.97	0.89668
8905.38	0.899281
8906.8	0.899015
8908.21	0.899646
8909.63	0.900142
8911.04	0.8974
8912.46	0.893877
8913.87	0.895118
8915.29	0.901025
8916.7	0.900181
8918.12	0.894718
8919.53	0.895094
8920.95	0.898917
8922.36	0.903217
8923.78	0.905197
8925.19	0.903518
8926.61	0.894306
8928.03	0.880554
8929.44	0.867553
8930.86	0.865084
8932.27	0.874469
8933.69	0.880475
8935.1	0.877893
8936.52	0.886599
8937.93	0.897339
8939.35	0.897036
8940.76	0.882614
8942.18	0.871829
8943.59	0.875212
8945.01	0.880686
8946.42	0.87058
8947.84	0.853334
8949.25	0.854849
8950.67	0.860665
8952.08	0.849506
8953.5	0.827591
8954.92	0.808446
8956.33	0.810346
8957.75	0.842665
8959.16	0.861105
8960.58	0.859584
8961.99	0.833225
8963.41	0.779299
8964.82	0.755766
8966.24	0.766189
8967.65	0.793263
8969.07	0.837374
8970.48	0.833304
8971.9	0.780555
8973.31	0.7542
8974.73	0.771119
8976.14	0.792019
8977.56	0.825629
8978.97	0.841881
8980.39	0.810301
8981.8	0.778259
8983.22	0.809977
8984.63	0.840113
8986.05	0.799624
8987.47	0.707393
8988.88	0.639728
8990.3	0.638973
8991.71	0.642977
8993.12	0.667732
8994.54	0.750081
8995.96	0.814059
8997.37	0.823967
8998.79	0.799761
9000.2	0.737681
9001.62	0.690692
9003.03	0.69554
9004.45	0.698643
9005.86	0.697013
9007.28	0.694893
9008.69	0.67517
9010.11	0.677051
9011.52	0.683931
9012.94	0.665689
9014.35	0.661481
9015.77	0.654404
9017.18	0.627561
9018.6	0.640067
9020.01	0.700288
9021.43	0.728159
9022.84	0.709589
9024.26	0.693971
9025.68	0.697909
9027.09	0.701455
9028.51	0.743384
9029.92	0.774648
9031.34	0.770655
9032.75	0.779686
9034.17	0.810337
9035.58	0.835033
9037	0.845524
9038.41	0.856905
9039.83	0.846958
9041.24	0.825081
9042.66	0.805805
9044.07	0.809264
9045.49	0.842129
9046.9	0.864242
9048.32	0.858377
9049.73	0.858561
9051.15	0.857367
9052.56	0.837015
9053.98	0.820354
9055.4	0.84645
9056.81	0.880586
9058.23	0.884192
9059.64	0.861082
9061.06	0.80465
9062.47	0.760493
9063.89	0.767352
9065.3	0.811397
9066.72	0.853062
9068.13	0.847946
9069.55	0.791323
9070.96	0.757634
9072.38	0.753902
9073.79	0.752847
9075.21	0.791287
9076.62	0.837423
9078.04	0.84356
9079.45	0.778656
9080.87	0.714066
9082.28	0.736459
9083.7	0.821003
9085.11	0.855431
9086.53	0.800355
9087.94	0.736624
9089.36	0.763923
9090.77	0.815167
9092.19	0.818607
9093.6	0.794824
9095.02	0.765722
9096.44	0.792523
9097.85	0.83327
9099.27	0.801498
9100.68	0.743081
9102.1	0.772341
9103.51	0.851401
9104.93	0.855357
9106.34	0.783492
9107.76	0.731402
9109.17	0.75552
9110.59	0.829948
9112	0.868117
9113.42	0.878353
9114.83	0.884349
9116.25	0.856822
9117.66	0.79468
9119.08	0.731589
9120.49	0.75148
9121.91	0.846502
9123.33	0.89079
9124.74	0.877927
9126.16	0.862961
9127.57	0.84801
9128.99	0.790907
9130.4	0.724513
9131.82	0.713427
9133.23	0.763704
9134.65	0.774776
9136.06	0.713305
9137.48	0.67659
9138.89	0.753923
9140.31	0.851583
9141.72	0.864498
9143.14	0.856976
9144.55	0.84776
9145.97	0.849913
9147.38	0.871263
9148.8	0.872893
9150.21	0.838456
9151.63	0.776313
9153.04	0.706635
9154.46	0.684211
9155.87	0.699178
9157.29	0.71022
9158.7	0.788733
9160.12	0.833813
9161.53	0.815006
9162.95	0.825802
9164.37	0.847565
9165.78	0.85892
9167.2	0.86369
9168.61	0.829227
9170.03	0.806707
9171.44	0.822151
9172.86	0.793378
9174.27	0.722893
9175.69	0.672754
9177.1	0.696241
9178.52	0.757409
9179.93	0.811051
9181.35	0.839237
9182.76	0.835705
9184.18	0.802223
9185.59	0.761151
9187.01	0.783184
9188.42	0.846029
9189.84	0.865563
9191.26	0.856469
9192.67	0.830964
9194.09	0.810021
9195.5	0.789184
9196.92	0.757302
9198.33	0.794002
9199.75	0.841967
9201.16	0.85156
9202.58	0.85785
9203.99	0.856715
9205.41	0.839344
9206.82	0.806159
9208.24	0.784283
9209.65	0.781333
9211.07	0.798829
9212.48	0.797355
9213.9	0.765461
9215.31	0.736492
9216.73	0.724727
9218.14	0.712288
9219.56	0.717665
9220.97	0.753613
9222.39	0.749165
9223.8	0.732149
9225.22	0.713234
9226.64	0.6886
9228.05	0.678863
9229.47	0.667379
9230.88	0.655177
9232.3	0.668516
9233.71	0.689133
9235.13	0.698295
9236.54	0.69981
9237.96	0.705989
9239.37	0.704366
9240.79	0.715979
9242.2	0.74567
9243.62	0.753274
9245.03	0.732378
9246.45	0.720152
9247.86	0.742089
9249.28	0.781145
9250.69	0.783879
9252.11	0.766301
9253.52	0.774599
9254.94	0.795714
9256.35	0.802194
9257.77	0.817634
9259.18	0.813734
9260.6	0.780206
9262.01	0.736185
9263.43	0.735729
9264.84	0.777256
9266.26	0.805641
9267.68	0.80825
9269.09	0.820672
9270.51	0.820639
9271.92	0.813621
9273.34	0.801906
9274.75	0.776449
9276.17	0.779328
9277.58	0.783393
9279	0.743615
9280.41	0.677682
9281.83	0.682225
9283.24	0.752457
9284.66	0.767173
9286.07	0.711431
9287.49	0.672456
9288.9	0.697883
9290.32	0.731593
9291.73	0.742601
9293.15	0.734989
9294.57	0.715054
9295.98	0.671539
9297.4	0.659817
9298.81	0.665087
9300.23	0.642486
9301.64	0.650751
9303.06	0.620209
9304.47	0.65325
9305.89	0.669733
9307.3	0.694194
9308.72	0.668113
9310.13	0.56481
9311.55	0.555742
9312.96	0.639141
9314.38	0.694074
9315.79	0.65691
9317.21	0.539904
9318.62	0.47926
9320.04	0.526269
9321.45	0.57152
9322.87	0.602672
9324.28	0.564248
9325.7	0.486231
9327.11	0.470256
9328.53	0.527777
9329.94	0.573018
9331.36	0.617367
9332.77	0.5965
9334.19	0.540728
9335.61	0.484581
9337.02	0.449635
9338.44	0.47805
9339.85	0.48192
9341.27	0.474812
9342.68	0.502903
9344.1	0.479038
9345.51	0.407735
9346.93	0.40723
9348.34	0.472435
9349.76	0.592334
9351.17	0.672812
9352.59	0.665664
9354	0.606831
9355.42	0.496561
9356.83	0.451129
9358.25	0.487829
9359.66	0.464425
9361.08	0.470032
9362.5	0.559835
9363.91	0.621581
9365.33	0.635159
9366.74	0.565327
9368.16	0.49211
9369.57	0.500686
9370.99	0.506951
9372.4	0.443547
9373.82	0.445982
9375.23	0.51922
9376.65	0.597827
9378.06	0.584865
9379.48	0.520201
9380.89	0.471483
9382.31	0.460177
9383.72	0.454007
9385.14	0.529069
9386.55	0.619413
9387.97	0.603638
9389.38	0.538552
9390.8	0.603815
9392.21	0.712578
9393.63	0.710196
9395.05	0.702754
9396.46	0.708553
9397.88	0.712338
9399.29	0.677087
9400.7	0.63798
9402.12	0.616653
9403.54	0.604714
9404.95	0.608677
9406.37	0.624086
9407.78	0.63798
9409.2	0.631622
9410.61	0.591794
9412.03	0.580881
9413.44	0.590862
9414.86	0.620708
9416.27	0.65605
9417.69	0.636979
9419.1	0.631258
9420.52	0.635878
9421.93	0.622109
9423.35	0.637897
9424.76	0.649239
9426.18	0.612425
9427.59	0.544742
9429.01	0.493227
9430.43	0.473426
9431.84	0.511501
9433.26	0.59367
9434.67	0.662682
9436.09	0.691343
9437.5	0.644468
9438.92	0.581455
9440.33	0.515956
9441.75	0.460938
9443.16	0.447636
9444.58	0.471496
9445.99	0.519419
9447.41	0.588112
9448.82	0.631931
9450.24	0.638891
9451.65	0.662843
9453.07	0.651613
9454.48	0.59735
9455.9	0.551792
9457.31	0.535329
9458.73	0.532311
9460.14	0.510857
9461.56	0.511924
9462.98	0.543533
9464.39	0.567962
9465.81	0.600584
9467.22	0.611264
9468.64	0.576864
9470.05	0.56757
9471.47	0.597819
9472.88	0.62184
9474.3	0.60828
9475.71	0.596792
9477.13	0.605276
9478.54	0.604076
9479.96	0.571412
9481.37	0.533354
9482.79	0.524218
9484.2	0.551918
9485.62	0.585483
9487.03	0.629026
9488.45	0.674303
9489.86	0.697693
9491.28	0.700856
9492.69	0.652831
9494.11	0.585499
9495.52	0.542418
9496.94	0.505322
9498.35	0.492203
9499.77	0.478441
9501.18	0.468677
9502.6	0.50837
9504.02	0.561708
9505.43	0.615048
9506.85	0.675384
9508.26	0.704056
9509.68	0.715612
9511.09	0.715572
9512.51	0.696136
9513.92	0.6683
9515.34	0.628788
9516.75	0.569769
9518.17	0.539818
9519.58	0.513827
9521	0.497452
9522.41	0.496913
9523.83	0.515832
9525.24	0.535412
9526.66	0.544751
9528.07	0.54475
9529.49	0.561548
9530.91	0.581076
9532.32	0.602914
9533.74	0.622096
9535.15	0.608973
9536.57	0.599075
9537.98	0.588631
9539.4	0.581706
9540.81	0.576165
9542.23	0.554488
9543.64	0.511334
9545.06	0.49157
9546.47	0.501305
9547.89	0.516033
9549.3	0.549806
9550.72	0.575397
9552.13	0.561688
9553.55	0.538265
9554.96	0.525852
9556.38	0.506357
9557.79	0.528607
9559.21	0.583886
9560.62	0.613072
9562.04	0.613226
9563.45	0.59192
9564.87	0.550795
9566.28	0.533038
9567.7	0.546083
9569.11	0.569413
9570.53	0.599421
9571.95	0.645323
9573.36	0.687323
9574.78	0.715526
9576.19	0.735719
9577.61	0.723542
9579.02	0.6579
9580.44	0.60887
9581.85	0.608676
9583.27	0.628846
9584.68	0.663561
9586.1	0.674234
9587.51	0.637069
9588.93	0.579235
9590.34	0.540998
9591.76	0.528787
9593.17	0.55138
9594.59	0.590904
9596	0.618791
9597.42	0.628707
9598.84	0.653295
9600.25	0.672235
9601.67	0.687028
9603.08	0.677487
9604.5	0.658846
9605.91	0.644976
9607.33	0.631467
9608.74	0.643792
9610.16	0.691759
9611.57	0.716193
9612.99	0.716271
9614.4	0.714982
9615.82	0.709779
9617.23	0.681928
9618.65	0.66253
9620.06	0.636112
9621.48	0.621295
9622.89	0.615789
9624.31	0.607838
9625.72	0.632577
9627.14	0.655206
9628.55	0.685118
9629.97	0.733985
9631.38	0.766542
9632.8	0.776177
9634.22	0.735123
9635.63	0.675299
9637.05	0.640762
9638.46	0.622363
9639.88	0.641668
9641.29	0.693183
9642.71	0.69943
9644.12	0.67097
9645.54	0.661592
9646.95	0.653487
9648.37	0.671792
9649.78	0.708201
9651.2	0.720426
9652.61	0.719365
9654.03	0.712862
9655.44	0.706527
9656.86	0.707133
9658.27	0.70156
9659.69	0.668546
9661.1	0.644148
9662.52	0.622949
9663.93	0.624672
9665.35	0.641453
9666.76	0.675164
9668.18	0.682295
9669.59	0.690016
9671.01	0.715729
9672.43	0.738801
9673.84	0.777948
9675.26	0.805538
9676.67	0.805938
9678.09	0.771587
9679.5	0.733141
9680.92	0.715553
9682.33	0.712369
9683.75	0.735887
9685.16	0.767969
9686.58	0.777194
9687.99	0.775127
9689.41	0.765654
9690.82	0.75969
9692.24	0.756372
9693.65	0.756179
9695.07	0.764872
9696.48	0.764488
9697.9	0.751098
9699.31	0.726882
9700.73	0.715487
9702.15	0.720971
9703.56	0.733781
9704.98	0.761571
9706.39	0.77253
9707.81	0.763522
9709.22	0.760606
9710.64	0.755631
9712.05	0.746972
9713.47	0.733862
9714.88	0.723126
9716.3	0.720858
9717.71	0.731788
9719.13	0.754812
9720.54	0.746011
9721.96	0.72863
9723.37	0.707843
9724.79	0.693047
9726.2	0.700877
9727.62	0.717113
9729.03	0.722603
9730.45	0.733238
9731.86	0.715361
9733.28	0.691831
9734.69	0.661888
9736.11	0.636343
9737.52	0.6376
9738.94	0.665295
9740.35	0.691174
9741.77	0.691864
9743.19	0.684715
9744.6	0.678132
9746.02	0.685365
9747.43	0.692469
9748.85	0.69157
9750.26	0.685046
9751.68	0.675114
9753.09	0.687396
9754.51	0.666833
9755.92	0.648726
9757.34	0.651349
9758.75	0.652178
9760.17	0.651391
9761.58	0.654717
9763	0.648525
9764.41	0.646658
9765.83	0.670937
9767.24	0.696691
9768.66	0.716885
9770.08	0.722309
9771.49	0.71952
9772.91	0.712101
9774.32	0.699793
9775.74	0.688659
9777.15	0.683155
9778.57	0.679754
9779.98	0.663411
9781.4	0.66225
9782.81	0.671016
9784.23	0.673179
9785.64	0.690854
9787.06	0.695654
9788.47	0.681191
9789.89	0.667265
9791.3	0.649484
9792.72	0.644163
9794.13	0.655813
9795.55	0.676086
9796.96	0.688541
9798.38	0.683472
9799.79	0.662352
9801.21	0.646553
9802.62	0.650854
9804.04	0.670262
9805.45	0.694133
9806.87	0.711372
9808.28	0.710757
9809.7	0.708133
9811.12	0.704695
9812.53	0.690502
9813.95	0.681604
9815.36	0.681508
9816.78	0.687393
9818.19	0.688014
9819.61	0.69095
9821.02	0.693974
9822.44	0.678829
9823.85	0.66142
9825.27	0.659826
9826.68	0.659373
9828.1	0.674742
9829.51	0.680529
9830.93	0.683121
9832.34	0.679746
9833.76	0.683078
9835.17	0.691664
9836.59	0.695537
9838.01	0.694825
9839.42	0.687852
9840.84	0.682176
9842.25	0.676082
9843.67	0.669147
9845.08	0.669958
9846.5	0.66918
9847.91	0.668043
9849.33	0.664187
9850.74	0.668214
9852.16	0.677351
9853.57	0.684881
9854.99	0.686145
9856.4	0.684719
9857.82	0.685429
9859.23	0.688148
9860.65	0.688709
9862.06	0.689474
9863.48	0.686119
9864.89	0.68008
9866.31	0.681234
9867.72	0.678607
9869.14	0.674448
9870.56	0.673458
9871.97	0.67217
9873.39	0.667728
9874.8	0.667056
9876.22	0.669509
9877.63	0.672897
9879.05	0.671754
9880.46	0.67417
9881.88	0.677245
9883.29	0.675836
9884.71	0.674245
9886.12	0.670822
9887.54	0.668854
9888.95	0.666959
9890.37	0.672196
9891.78	0.670825
9893.2	0.666763
9894.61	0.663844
9896.03	0.664182
9897.44	0.662533
9898.86	0.65817
9900.27	0.656993
9901.69	0.663673
9903.1	0.667958
9904.52	0.668913
9905.93	0.667841
9907.35	0.661861
9908.76	0.662678
9910.18	0.661283
9911.6	0.661977
9913.01	0.660764
9914.43	0.661429
9915.84	0.659417
9917.26	0.659191
9918.67	0.658776
9920.09	0.659735
9921.5	0.661111
9922.92	0.657634
9924.33	0.65377
9925.75	0.649707
9927.16	0.647628
9928.58	0.64803
9929.99	0.651432
9931.41	0.650116
9932.82	0.651032
9934.24	0.651992
9935.65	0.65262
9937.07	0.651346
9938.49	0.652508
9939.9	0.653754
9941.32	0.652927
9942.73	0.649172
9944.15	0.649442
9945.56	0.649287
9946.98	0.647211
9948.39	0.647661
9949.81	0.647087
9951.22	0.644904
9952.64	0.647988
9954.05	0.647373
9955.47	0.640716
9956.88	0.641706
9958.3	0.642472
9959.71	0.64117
9961.13	0.641977
9962.54	0.640424
9963.96	0.643129
9965.37	0.644076
9966.79	0.64012
9968.2	0.639325
9969.62	0.645333
9971.03	0.64127
9972.45	0.637547
9973.86	0.640137
9975.28	0.63652
9976.69	0.634217
9978.11	0.635194
9979.53	0.636328
9980.94	0.637409
9982.36	0.635574
9983.77	0.630658
9985.19	0.628519
9986.6	0.63452
9988.02	0.63054
9989.43	0.628124
9990.85	0.62962
9992.26	0.622659
9993.68	0.626056
9995.09	0.628897
9996.51	0.631861
9997.92	0.624342
9999.34	0.622868
10000.8	0.624414
10002.2	0.625769
10003.6	0.621243
10005	0.622365
10006.4	0.620926
10007.8	0.620768
10009.2	0.614151
10010.7	0.61557
10012.1	0.61351
10013.5	0.610007
10014.9	0.608067
10016.3	0.607166
10017.7	0.598616
10019.2	0.597149
10020.6	0.596261
10022	0.596629
10023.4	0.59776
10024.8	0.599369
10026.2	0.591334
10027.6	0.592709
10029.1	0.592467
10030.5	0.582003
10031.9	0.583017
10033.3	0.577717
10034.7	0.575078
10036.1	0.569527
10037.5	0.562295
10039	0.555744
10040.4	0.558208
10041.8	0.546575
10043.2	0.540677
10044.6	0.530835
10046	0.518468
10047.5	0.498942
10048.9	0.495615
10050.3	0.49679
10051.7	0.511555
10053.1	0.522419
10054.5	0.533262
10055.9	0.540662
10057.4	0.549436
10058.8	0.554005
10060.2	0.558184
10061.6	0.563769
10063	0.562648
10064.4	0.572397
10065.9	0.576502
10067.3	0.580205
10068.7	0.582197
10070.1	0.583057
10071.5	0.58786
10072.9	0.585309
10074.3	0.587842
10075.8	0.599952
10077.2	0.596558
10078.6	0.59253
10080	0.603838
10081.4	0.603082
10082.8	0.605797
10084.3	0.60184
10085.7	0.600136
10087.1	0.599045
10088.5	0.598934
10089.9	0.600803
10091.3	0.598415
10092.7	0.599277
10094.2	0.604459
10095.6	0.605638
10097	0.607213
10098.4	0.607414
10099.8	0.606719
10101.2	0.610292
10102.6	0.60808
10104.1	0.609735
10105.5	0.61245
10106.9	0.605202
10108.3	0.601563
10109.7	0.603234
10111.1	0.608568
10112.6	0.606598
10114	0.607785
10115.4	0.600897
10116.8	0.602698
10118.2	0.612376
10119.6	0.611683
10121	0.604794
10122.5	0.602155
10123.9	0.600032
10125.3	0.604104
10126.7	0.60801
10128.1	0.60896
10129.5	0.610337
10131	0.61219
10132.4	0.609924
10133.8	0.609705
10135.2	0.616527
10136.6	0.604657
10138	0.615233
10139.4	0.614714
10140.9	0.603484
10142.3	0.605971
10143.7	0.608307
10145.1	0.603067
10146.5	0.599478
10147.9	0.607903
10149.4	0.611137
10150.8	0.613386
10152.2	0.600852
10153.6	0.598738
10155	0.600808
10156.4	0.602148
10157.8	0.603622
10159.3	0.605095
10160.7	0.60661
10162.1	0.607953
10163.5	0.610334
10164.9	0.607204
10166.3	0.595169
10167.7	0.608136
10169.2	0.609366
10170.6	0.601183
10172	0.604746
10173.4	0.605526
10174.8	0.608306
10176.2	0.600056
10177.7	0.600424
10179.1	0.602135
10180.5	0.604375
10181.9	0.615249
10183.3	0.605139
10184.7	0.602006
10186.1	0.599328
10187.6	0.60171
10189	0.602679
10190.4	0.606403
10191.8	0.596462
10193.2	0.59031
10194.6	0.598688
10196.1	0.596408
10197.5	0.59662
10198.9	0.604044
10200.3	0.605817
10201.7	0.601919
10203.1	0.603906
10204.5	0.606369
10206	0.603739
10207.4	0.600342
10208.8	0.614471
10210.2	0.603049
10211.6	0.600041
10213	0.602655
10214.5	0.596275
10215.9	0.597018
10217.3	0.599053
10218.7	0.600897
10220.1	0.295684
